Step        Dt          Time        Progress    
1           1.36928e-06 1.36928e-06 0%          
2           1.34381e-05 1.48074e-05 0%          
3           1.0281e-05  2.50885e-05 0%          
4           2.81909e-05 5.32794e-05 0%          
5           2.39223e-05 7.72017e-05 0%          
6           2.30062e-05 0.000100208 0%          
7           2.30062e-05 0.000123214 0%          
8           2.30062e-05 0.00014622  0%          
9           2.30062e-05 0.000169226 0%          
10          2.27361e-05 0.000191963 0%          
11          2.27361e-05 0.000214699 0%          
12          1.64231e-05 0.000231122 0%          
13          1.64231e-05 0.000247545 0%          
14          1.64231e-05 0.000263968 0%          
15          1.97751e-05 0.000283743 0%          
16          1.73239e-05 0.000301067 0%          
17          1.73239e-05 0.000318391 0%          
18          1.73239e-05 0.000335715 0%          
19          2.93288e-05 0.000365044 0%          
20          2.93288e-05 0.000394372 0%          
21          4.90213e-05 0.000443394 0%          
22          1.23058e-05 0.000455699 0%          
23          1.23058e-05 0.000468005 0%          
24          2.05149e-05 0.00048852  0%          
25          2.05149e-05 0.000509035 1%          
26          4.02571e-05 0.000549292 1%          
27          4.02571e-05 0.000589549 1%          
28          4.02571e-05 0.000629806 1%          
29          2.40971e-06 0.000632216 1%          
30          2.40971e-06 0.000634626 1%          
31          4.20324e-06 0.000638829 1%          
32          4.20324e-06 0.000643032 1%          
33          9.02321e-06 0.000652055 1%          
34          1.39944e-05 0.00066605  1%          
35          3.00129e-05 0.000696063 1%          
36          3.00129e-05 0.000726075 1%          
37          3.95246e-05 0.0007656   1%          
38          3.38015e-05 0.000799402 1%          
39          5.89811e-05 0.000858383 1%          
40          1.07414e-05 0.000869124 1%          
41          1.07414e-05 0.000879866 1%          
42          1.72396e-05 0.000897105 1%          
43          1.72396e-05 0.000914345 1%          
44          3.60238e-05 0.000950369 1%          
45          3.60238e-05 0.000986393 1%          
46          5.89285e-05 0.00104532  2%          
47          1.04239e-05 0.00105574  2%          
48          1.04239e-05 0.00106617  2%          
49          2.97274e-05 0.0010959   2%          
50          2.97274e-05 0.00112562  2%          
51          6.07213e-05 0.00118634  2%          
52          6.07213e-05 0.00124707  2%          
53          6.07213e-05 0.00130779  2%          
54          5.93226e-05 0.00136711  2%          
55          5.93226e-05 0.00142643  2%          
56          5.93226e-05 0.00148576  2%          
57          5.93226e-05 0.00154508  3%          
58          5.93226e-05 0.0016044   3%          
59          5.93226e-05 0.00166372  3%          
60          5.93226e-05 0.00172305  3%          
61          5.61156e-05 0.00177916  3%          
62          3.57705e-05 0.00181493  3%          
63          2.9672e-05  0.0018446   3%          
64          5.42416e-05 0.00189885  3%          
65          5.42416e-05 0.00195309  3%          
66          5.42416e-05 0.00200733  4%          
67          5.42416e-05 0.00206157  4%          
68          5.42416e-05 0.00211581  4%          
69          5.42416e-05 0.00217005  4%          
70          5.42416e-05 0.0022243   4%          
71          5.42416e-05 0.00227854  4%          
72          5.42416e-05 0.00233278  4%          
73          3.69011e-05 0.00236968  4%          
74          3.69011e-05 0.00240658  4%          
75          3.69011e-05 0.00244348  4%          
76          3.69011e-05 0.00248038  4%          
77          3.69011e-05 0.00251728  5%          
78          3.69011e-05 0.00255419  5%          
79          3.69011e-05 0.00259109  5%          
80          5.87175e-05 0.0026498   5%          
81          3.93224e-05 0.00268913  5%          
82          3.9029e-05  0.00272816  5%          
83          3.9029e-05  0.00276718  5%          
84          2.54159e-05 0.0027926   5%          
85          2.54159e-05 0.00281802  5%          
86          2.54159e-05 0.00284343  5%          
87          4.39781e-05 0.00288741  5%          
88          4.39781e-05 0.00293139  5%          
89          4.39781e-05 0.00297537  5%          
90          4.39781e-05 0.00301934  6%          
91          4.39781e-05 0.00306332  6%          
92          3.95694e-05 0.00310289  6%          
93          6.58767e-05 0.00316877  6%          
94          6.58767e-05 0.00323465  6%          
95          6.58767e-05 0.00330052  6%          
96          4.95686e-05 0.00335009  6%          
97          4.95686e-05 0.00339966  6%          
98          4.95686e-05 0.00344923  6%          
99          4.95686e-05 0.0034988   6%          
100         4.95686e-05 0.00354836  7%          
101         4.95686e-05 0.00359793  7%          
102         4.95686e-05 0.0036475   7%          
103         8.14865e-05 0.00372899  7%          
104         7.4931e-05  0.00380392  7%          
105         7.4931e-05  0.00387885  7%          
106         5.87452e-05 0.0039376   7%          
107         5.87452e-05 0.00399634  7%          
108         5.87452e-05 0.00405509  8%          
109         0.000103791 0.00415888  8%          
110         2.06563e-05 0.00417953  8%          
111         2.06563e-05 0.00420019  8%          
112         1.70152e-05 0.0042172   8%          
113         3.69818e-05 0.00425419  8%          
114         3.67841e-05 0.00429097  8%          
115         3.67841e-05 0.00432775  8%          
116         5.92307e-05 0.00438699  8%          
117         5.92307e-05 0.00444622  8%          
118         4.46778e-05 0.00449089  8%          
119         3.8875e-05  0.00452977  9%          
120         3.8875e-05  0.00456864  9%          
121         6.06944e-05 0.00462934  9%          
122         3.60397e-05 0.00466538  9%          
123         3.60397e-05 0.00470142  9%          
124         3.27794e-05 0.0047342   9%          
125         5.6359e-05  0.00479056  9%          
126         5.5095e-05  0.00484565  9%          
127         5.5095e-05  0.00490075  9%          
128         4.31796e-05 0.00494393  9%          
129         3.33717e-05 0.0049773   9%          
130         3.33717e-05 0.00501067  10%         
131         3.33717e-05 0.00504404  10%         
132         5.44145e-05 0.00509846  10%         
133         5.44145e-05 0.00515287  10%         
134         5.44145e-05 0.00520728  10%         
135         5.44145e-05 0.0052617   10%         
136         5.44145e-05 0.00531611  10%         
137         5.44145e-05 0.00537053  10%         
138         4.81546e-05 0.00541868  10%         
139         7.54426e-05 0.00549412  10%         
140         7.54426e-05 0.00556957  11%         
141         7.54426e-05 0.00564501  11%         
142         6.35175e-05 0.00570853  11%         
143         6.35175e-05 0.00577205  11%         
144         6.17474e-05 0.00583379  11%         
145         1.71409e-05 0.00585093  11%         
146         1.71409e-05 0.00586807  11%         
147         3.0417e-05  0.00589849  11%         
148         3.0417e-05  0.00592891  11%         
149         5.91285e-05 0.00598804  11%         
150         5.91285e-05 0.00604717  12%         
151         0.000114884 0.00616205  12%         
152         2.75053e-05 0.00618955  12%         
153         2.75053e-05 0.00621706  12%         
154         4.46017e-05 0.00626166  12%         
155         4.46017e-05 0.00630626  12%         
156         4.46017e-05 0.00635087  12%         
157         8.36284e-06 0.00635923  12%         
158         7.36423e-06 0.00636659  12%         
159         1.17151e-05 0.00637831  12%         
160         1.17151e-05 0.00639002  12%         
161         2.28529e-05 0.00641288  12%         
162         3.99543e-05 0.00645283  12%         
163         6.79411e-05 0.00652077  13%         
164         5.21494e-05 0.00657292  13%         
165         5.21494e-05 0.00662507  13%         
166         5.21494e-05 0.00667722  13%         
167         1.10931e-05 0.00668831  13%         
168         1.10931e-05 0.00669941  13%         
169         1.9504e-05  0.00671891  13%         
170         1.9504e-05  0.00673841  13%         
171         4.20158e-05 0.00678043  13%         
172         4.08985e-05 0.00682133  13%         
173         4.08985e-05 0.00686223  13%         
174         4.97406e-05 0.00691197  13%         
175         4.16362e-05 0.0069536   13%         
176         6.26745e-05 0.00701628  14%         
177         5.05144e-05 0.00706679  14%         
178         5.05144e-05 0.00711731  14%         
179         4.13524e-05 0.00715866  14%         
180         3.76163e-05 0.00719627  14%         
181         3.76163e-05 0.00723389  14%         
182         6.9749e-05  0.00730364  14%         
183         6.46668e-05 0.00736831  14%         
184         6.46668e-05 0.00743297  14%         
185         5.70123e-05 0.00748999  14%         
186         5.70123e-05 0.007547    15%         
187         5.25727e-05 0.00759957  15%         
188         5.25727e-05 0.00765214  15%         
189         4.84752e-05 0.00770062  15%         
190         4.84752e-05 0.00774909  15%         
191         4.84752e-05 0.00779757  15%         
192         4.84752e-05 0.00784604  15%         
193         4.84752e-05 0.00789452  15%         
194         4.49506e-05 0.00793947  15%         
195         5.10393e-05 0.00799051  15%         
196         4.44294e-05 0.00803494  16%         
197         4.44294e-05 0.00807937  16%         
198         5.40915e-05 0.00813346  16%         
199         4.64457e-05 0.00817991  16%         
200         4.64457e-05 0.00822635  16%         
201         4.64457e-05 0.0082728   16%         
202         4.64457e-05 0.00831924  16%         
203         4.64457e-05 0.00836569  16%         
204         3.96543e-05 0.00840534  16%         
205         7.29104e-05 0.00847825  16%         
206         4.94178e-05 0.00852767  17%         
207         4.94178e-05 0.00857709  17%         
208         4.94178e-05 0.00862651  17%         
209         4.94178e-05 0.00867592  17%         
210         8.88272e-06 0.00868481  17%         
211         8.88272e-06 0.00869369  17%         
212         1.43363e-05 0.00870803  17%         
213         2.17119e-05 0.00872974  17%         
214         3.74668e-05 0.0087672   17%         
215         3.71728e-05 0.00880438  17%         
216         3.71728e-05 0.00884155  17%         
217         6.86548e-05 0.0089102   17%         
218         5.70826e-05 0.00896729  17%         
219         4.67833e-05 0.00901407  18%         
220         4.67833e-05 0.00906085  18%         
221         4.32336e-05 0.00910409  18%         
222         4.32336e-05 0.00914732  18%         
223         4.32336e-05 0.00919055  18%         
224         4.32336e-05 0.00923379  18%         
225         8.13175e-05 0.00931511  18%         
226         8.13175e-05 0.00939642  18%         
227         7.76654e-05 0.00947409  18%         
228         1.74888e-05 0.00949158  18%         
229         1.74888e-05 0.00950907  19%         
230         1.74888e-05 0.00952656  19%         
231         1.53928e-05 0.00954195  19%         
232         4.2299e-05  0.00958425  19%         
233         4.08352e-05 0.00962508  19%         
234         4.08352e-05 0.00966592  19%         
235         4.08352e-05 0.00970675  19%         
236         3.37387e-05 0.00974049  19%         
237         3.37387e-05 0.00977423  19%         
238         3.37387e-05 0.00980797  19%         
239         3.37387e-05 0.00984171  19%         
240         3.37387e-05 0.00987545  19%         
241         6.97627e-05 0.00994521  19%         
242         5.32782e-05 0.00999849  19%         
243         3.5131e-05  0.0100336   20%         
244         3.5131e-05  0.0100687   20%         
245         3.5131e-05  0.0101039   20%         
246         3.5131e-05  0.010139    20%         
247         3.5131e-05  0.0101741   20%         
248         5.29411e-05 0.0102271   20%         
249         5.29411e-05 0.01028     20%         
250         5.29411e-05 0.010333    20%         
251         5.29411e-05 0.0103859   20%         
252         4.10943e-05 0.010427    20%         
253         4.10943e-05 0.0104681   20%         
254         4.08324e-05 0.0105089   21%         
255         4.08324e-05 0.0105498   21%         
256         4.08324e-05 0.0105906   21%         
257         4.08324e-05 0.0106314   21%         
258         3.67867e-05 0.0106682   21%         
259         3.89412e-05 0.0107072   21%         
260         3.32539e-05 0.0107404   21%         
261         3.32539e-05 0.0107737   21%         
262         3.32539e-05 0.0108069   21%         
263         3.32539e-05 0.0108402   21%         
264         3.18019e-05 0.010872    21%         
265         2.51109e-05 0.0108971   21%         
266         4.07413e-05 0.0109378   21%         
267         3.66383e-05 0.0109745   21%         
268         3.66383e-05 0.0110111   22%         
269         3.66383e-05 0.0110477   22%         
270         3.66383e-05 0.0110844   22%         
271         3.25358e-05 0.0111169   22%         
272         5.26452e-05 0.0111696   22%         
273         5.26452e-05 0.0112222   22%         
274         5.26452e-05 0.0112748   22%         
275         5.26452e-05 0.0113275   22%         
276         4.70912e-05 0.0113746   22%         
277         4.70912e-05 0.0114217   22%         
278         4.70912e-05 0.0114688   22%         
279         4.70912e-05 0.0115159   23%         
280         4.50197e-05 0.0115609   23%         
281         8.80004e-06 0.0115697   23%         
282         8.80004e-06 0.0115785   23%         
283         1.39774e-05 0.0115925   23%         
284         1.39774e-05 0.0116064   23%         
285         2.45308e-05 0.011631    23%         
286         2.45308e-05 0.0116555   23%         
287         3.01697e-05 0.0116857   23%         
288         2.29702e-05 0.0117086   23%         
289         4.92227e-05 0.0117579   23%         
290         4.92227e-05 0.0118071   23%         
291         4.92227e-05 0.0118563   23%         
292         4.92227e-05 0.0119055   23%         
293         4.92227e-05 0.0119547   23%         
294         4.92227e-05 0.012004    24%         
295         9.05813e-05 0.0120945   24%         
296         6.77199e-05 0.0121623   24%         
297         0.000105624 0.0122679   24%         
298         0.000105624 0.0123735   24%         
299         2.23173e-05 0.0123958   24%         
300         2.23173e-05 0.0124182   24%         
301         2.23173e-05 0.0124405   24%         
302         4.91121e-05 0.0124896   24%         
303         4.91121e-05 0.0125387   25%         
304         4.91121e-05 0.0125878   25%         
305         8.25709e-05 0.0126704   25%         
306         6.5357e-05  0.0127357   25%         
307         4.79018e-05 0.0127836   25%         
308         4.14584e-05 0.0128251   25%         
309         4.14584e-05 0.0128666   25%         
310         4.14584e-05 0.012908    25%         
311         4.14584e-05 0.0129495   25%         
312         3.88411e-05 0.0129883   25%         
313         7.09614e-05 0.0130593   26%         
314         7.09614e-05 0.0131302   26%         
315         6.95478e-05 0.0131998   26%         
316         6.95478e-05 0.0132693   26%         
317         6.29151e-05 0.0133322   26%         
318         6.29151e-05 0.0133952   26%         
319         5.13523e-05 0.0134465   26%         
320         4.69506e-05 0.0134935   26%         
321         4.69506e-05 0.0135404   27%         
322         1.6699e-06  0.0135421   27%         
323         1.6699e-06  0.0135438   27%         
324         2.99502e-06 0.0135467   27%         
325         2.99502e-06 0.0135497   27%         
326         5.80478e-06 0.0135555   27%         
327         5.80478e-06 0.0135614   27%         
328         1.44023e-05 0.0135758   27%         
329         2.40857e-05 0.0135998   27%         
330         4.31212e-05 0.013643    27%         
331         4.31212e-05 0.0136861   27%         
332         4.31212e-05 0.0137292   27%         
333         4.31212e-05 0.0137723   27%         
334         3.2618e-05  0.0138049   27%         
335         2.9267e-05  0.0138342   27%         
336         2.9267e-05  0.0138635   27%         
337         2.9267e-05  0.0138927   27%         
338         2.9267e-05  0.013922    27%         
339         5.16438e-05 0.0139737   27%         
340         3.82518e-05 0.0140119   28%         
341         3.82518e-05 0.0140502   28%         
342         3.82518e-05 0.0140884   28%         
343         6.42714e-05 0.0141527   28%         
344         2.88353e-05 0.0141815   28%         
345         2.61646e-05 0.0142077   28%         
346         3.94722e-05 0.0142472   28%         
347         6.33011e-05 0.0143105   28%         
348         4.96326e-05 0.0143601   28%         
349         4.96326e-05 0.0144097   28%         
350         4.96326e-05 0.0144594   28%         
351         4.96326e-05 0.014509    29%         
352         4.96326e-05 0.0145586   29%         
353         4.55857e-05 0.0146042   29%         
354         4.55857e-05 0.0146498   29%         
355         4.55857e-05 0.0146954   29%         
356         3.36407e-05 0.014729    29%         
357         3.36407e-05 0.0147627   29%         
358         5.39371e-05 0.0148166   29%         
359         5.39371e-05 0.0148705   29%         
360         4.98114e-05 0.0149203   29%         
361         3.74261e-05 0.0149578   29%         
362         3.74261e-05 0.0149952   29%         
363         3.59852e-05 0.0150312   30%         
364         6.35783e-05 0.0150948   30%         
365         6.34481e-05 0.0151582   30%         
366         6.34481e-05 0.0152217   30%         
367         6.34481e-05 0.0152851   30%         
368         6.34481e-05 0.0153485   30%         
369         5.31411e-05 0.0154017   30%         
370         5.31411e-05 0.0154548   30%         
371         2.98018e-05 0.0154846   30%         
372         1.86708e-05 0.0155033   31%         
373         1.86708e-05 0.015522    31%         
374         1.86708e-05 0.0155406   31%         
375         3.17342e-05 0.0155724   31%         
376         3.17342e-05 0.0156041   31%         
377         5.36066e-05 0.0156577   31%         
378         5.36066e-05 0.0157113   31%         
379         8.9622e-06  0.0157203   31%         
380         8.9622e-06  0.0157293   31%         
381         1.50476e-05 0.0157443   31%         
382         1.50476e-05 0.0157593   31%         
383         2.88511e-05 0.0157882   31%         
384         2.88511e-05 0.015817    31%         
385         4.93012e-05 0.0158664   31%         
386         4.04861e-05 0.0159068   31%         
387         3.34617e-05 0.0159403   31%         
388         3.34617e-05 0.0159738   31%         
389         3.34617e-05 0.0160072   32%         
390         3.34617e-05 0.0160407   32%         
391         3.34617e-05 0.0160741   32%         
392         3.34617e-05 0.0161076   32%         
393         3.02106e-05 0.0161378   32%         
394         5.24674e-05 0.0161903   32%         
395         4.56469e-05 0.0162359   32%         
396         9.46792e-06 0.0162454   32%         
397         9.46792e-06 0.0162549   32%         
398         1.5663e-05  0.0162705   32%         
399         2.53767e-05 0.0162959   32%         
400         2.53767e-05 0.0163213   32%         
401         2.53767e-05 0.0163467   32%         
402         3.81728e-05 0.0163848   32%         
403         3.73131e-05 0.0164221   32%         
404         3.73131e-05 0.0164595   32%         
405         3.73131e-05 0.0164968   32%         
406         3.73131e-05 0.0165341   33%         
407         3.73131e-05 0.0165714   33%         
408         6.4915e-06  0.0165779   33%         
409         6.4915e-06  0.0165844   33%         
410         1.00046e-05 0.0165944   33%         
411         1.00046e-05 0.0166044   33%         
412         2.04959e-05 0.0166249   33%         
413         3.08239e-05 0.0166557   33%         
414         3.08239e-05 0.0166865   33%         
415         2.45544e-05 0.0167111   33%         
416         2.45544e-05 0.0167356   33%         
417         2.16215e-05 0.0167573   33%         
418         3.30971e-05 0.0167904   33%         
419         2.11818e-05 0.0168115   33%         
420         2.11818e-05 0.0168327   33%         
421         2.11818e-05 0.0168539   33%         
422         2.11818e-05 0.0168751   33%         
423         2.03379e-05 0.0168954   33%         
424         5.40793e-06 0.0169008   33%         
425         3.10424e-06 0.0169039   33%         
426         3.10424e-06 0.016907    33%         
427         7.09113e-06 0.0169141   33%         
428         7.09113e-06 0.0169212   33%         
429         1.50788e-05 0.0169363   33%         
430         1.50788e-05 0.0169514   33%         
431         2.74105e-05 0.0169788   33%         
432         2.01289e-05 0.0169989   33%         
433         1.74779e-05 0.0170164   34%         
434         1.74779e-05 0.0170339   34%         
435         2.68372e-05 0.0170607   34%         
436         4.25214e-05 0.0171032   34%         
437         3.96051e-05 0.0171428   34%         
438         3.96051e-05 0.0171824   34%         
439         3.96051e-05 0.0172221   34%         
440         7.22691e-06 0.0172293   34%         
441         4.00084e-06 0.0172333   34%         
442         4.00084e-06 0.0172373   34%         
443         9.31963e-06 0.0172466   34%         
444         1.399e-05   0.0172606   34%         
445         2.29269e-05 0.0172835   34%         
446         2.29269e-05 0.0173064   34%         
447         2.21238e-05 0.0173286   34%         
448         4.45392e-05 0.0173731   34%         
449         9.29428e-06 0.0173824   34%         
450         9.29428e-06 0.0173917   34%         
451         1.52501e-05 0.0174069   34%         
452         1.52501e-05 0.0174222   34%         
453         1.52501e-05 0.0174374   34%         
454         2.9286e-05  0.0174667   34%         
455         2.9286e-05  0.017496    34%         
456         2.71787e-05 0.0175232   35%         
457         1.73258e-05 0.0175405   35%         
458         1.73258e-05 0.0175578   35%         
459         1.73258e-05 0.0175752   35%         
460         2.86511e-05 0.0176038   35%         
461         2.86511e-05 0.0176325   35%         
462         4.57067e-05 0.0176782   35%         
463         4.57067e-05 0.0177239   35%         
464         9.02945e-06 0.0177329   35%         
465         9.02945e-06 0.0177419   35%         
466         9.02945e-06 0.017751    35%         
467         2.0028e-05  0.017771    35%         
468         2.0028e-05  0.017791    35%         
469         2.0028e-05  0.0178111   35%         
470         4.36256e-05 0.0178547   35%         
471         4.04384e-05 0.0178951   35%         
472         6.41342e-05 0.0179593   35%         
473         5.47945e-05 0.0180141   36%         
474         5.47945e-05 0.0180688   36%         
475         4.81112e-05 0.018117    36%         
476         4.81112e-05 0.0181651   36%         
477         9.7638e-06  0.0181748   36%         
478         9.7638e-06  0.0181846   36%         
479         2.84547e-05 0.0182131   36%         
480         2.84547e-05 0.0182415   36%         
481         2.84547e-05 0.01827     36%         
482         5.29896e-05 0.018323    36%         
483         4.77318e-05 0.0183707   36%         
484         4.77318e-05 0.0184184   36%         
485         2.93651e-05 0.0184478   36%         
486         1.52637e-06 0.0184493   36%         
487         1.52637e-06 0.0184508   36%         
488         3.07438e-06 0.0184539   36%         
489         5.73332e-06 0.0184596   36%         
490         1.55687e-05 0.0184752   36%         
491         2.7537e-05  0.0185027   37%         
492         2.7537e-05  0.0185303   37%         
493         2.7537e-05  0.0185578   37%         
494         2.7537e-05  0.0185854   37%         
495         4.36209e-05 0.018629    37%         
496         2.91909e-05 0.0186582   37%         
497         2.91909e-05 0.0186874   37%         
498         2.91909e-05 0.0187166   37%         
499         3.91947e-05 0.0187557   37%         
500         2.42578e-05 0.01878     37%         
501         2.42578e-05 0.0188043   37%         
502         2.42578e-05 0.0188285   37%         
503         3.74557e-05 0.018866    37%         
504         3.74557e-05 0.0189034   37%         
505         3.33836e-05 0.0189368   37%         
506         3.33836e-05 0.0189702   37%         
507         2.96354e-05 0.0189998   37%         
508         4.46633e-05 0.0190445   38%         
509         2.43334e-05 0.0190688   38%         
510         2.43334e-05 0.0190932   38%         
511         2.43334e-05 0.0191175   38%         
512         1.50471e-05 0.0191325   38%         
513         1.50471e-05 0.0191476   38%         
514         1.50471e-05 0.0191626   38%         
515         2.78724e-05 0.0191905   38%         
516         2.78724e-05 0.0192184   38%         
517         2.56371e-05 0.019244    38%         
518         2.56371e-05 0.0192697   38%         
519         4.19686e-05 0.0193116   38%         
520         2.37376e-05 0.0193354   38%         
521         2.37376e-05 0.0193591   38%         
522         2.37376e-05 0.0193828   38%         
523         3.60245e-05 0.0194189   38%         
524         3.60245e-05 0.0194549   38%         
525         3.60245e-05 0.0194909   38%         
526         3.16602e-05 0.0195226   39%         
527         3.16602e-05 0.0195542   39%         
528         3.16602e-05 0.0195859   39%         
529         4.25212e-05 0.0196284   39%         
530         3.61578e-05 0.0196646   39%         
531         3.61578e-05 0.0197007   39%         
532         4.2216e-05  0.0197429   39%         
533         7.51736e-06 0.0197505   39%         
534         7.28133e-06 0.0197577   39%         
535         1.19419e-05 0.0197697   39%         
536         1.19419e-05 0.0197816   39%         
537         1.9628e-05  0.0198013   39%         
538         1.9628e-05  0.0198209   39%         
539         1.9628e-05  0.0198405   39%         
540         4.5726e-05  0.0198862   39%         
541         4.30575e-05 0.0199293   39%         
542         4.23339e-05 0.0199716   39%         
543         8.87327e-06 0.0199805   39%         
544         8.87327e-06 0.0199894   39%         
545         1.48395e-05 0.0200042   40%         
546         1.48395e-05 0.0200191   40%         
547         3.21006e-05 0.0200512   40%         
548         3.21006e-05 0.0200833   40%         
549         3.21006e-05 0.0201154   40%         
550         5.6883e-05  0.0201722   40%         
551         4.38333e-05 0.0202161   40%         
552         2.91212e-05 0.0202452   40%         
553         2.91212e-05 0.0202743   40%         
554         2.69788e-05 0.0203013   40%         
555         2.69788e-05 0.0203283   40%         
556         2.69788e-05 0.0203553   40%         
557         4.22932e-05 0.0203975   40%         
558         3.62927e-05 0.0204338   40%         
559         3.62927e-05 0.0204701   40%         
560         3.62927e-05 0.0205064   41%         
561         3.62927e-05 0.0205427   41%         
562         3.62927e-05 0.020579    41%         
563         3.62927e-05 0.0206153   41%         
564         3.62927e-05 0.0206516   41%         
565         3.35895e-05 0.0206852   41%         
566         3.35895e-05 0.0207188   41%         
567         5.55623e-05 0.0207743   41%         
568         4.90387e-05 0.0208234   41%         
569         3.3557e-05  0.0208569   41%         
570         3.3557e-05  0.0208905   41%         
571         3.32193e-05 0.0209237   41%         
572         6.01371e-05 0.0209838   41%         
573         5.33492e-05 0.0210372   42%         
574         5.33492e-05 0.0210905   42%         
575         4.64515e-05 0.021137    42%         
576         4.64515e-05 0.0211834   42%         
577         4.22226e-05 0.0212257   42%         
578         4.22226e-05 0.0212679   42%         
579         3.76816e-05 0.0213056   42%         
580         6.24186e-05 0.021368    42%         
581         5.15704e-05 0.0214196   42%         
582         4.77343e-05 0.0214673   42%         
583         4.77343e-05 0.021515    43%         
584         4.77343e-05 0.0215628   43%         
585         3.85898e-05 0.0216014   43%         
586         6.17447e-05 0.0216631   43%         
587         6.17447e-05 0.0217248   43%         
588         5.61396e-05 0.021781    43%         
589         4.57833e-05 0.0218268   43%         
590         4.57833e-05 0.0218726   43%         
591         3.74564e-05 0.02191     43%         
592         7.5528e-05  0.0219855   43%         
593         7.15615e-05 0.0220571   44%         
594         5.57844e-05 0.0221129   44%         
595         5.02211e-05 0.0221631   44%         
596         5.02211e-05 0.0222133   44%         
597         3.88294e-05 0.0222522   44%         
598         3.88294e-05 0.022291    44%         
599         3.25559e-05 0.0223235   44%         
600         6.47633e-05 0.0223883   44%         
601         6.47633e-05 0.0224531   44%         
602         5.54075e-05 0.0225085   45%         
603         5.19886e-05 0.0225605   45%         
604         5.07704e-05 0.0226112   45%         
605         5.07704e-05 0.022662    45%         
606         5.03063e-05 0.0227123   45%         
607         5.03063e-05 0.0227626   45%         
608         4.91233e-05 0.0228117   45%         
609         4.91233e-05 0.0228609   45%         
610         4.91233e-05 0.02291     45%         
611         4.91233e-05 0.0229591   45%         
612         4.48404e-05 0.0230039   46%         
613         2.57123e-05 0.0230297   46%         
614         2.57123e-05 0.0230554   46%         
615         2.57123e-05 0.0230811   46%         
616         3.15577e-05 0.0231126   46%         
617         2.51777e-05 0.0231378   46%         
618         2.51777e-05 0.023163    46%         
619         2.51777e-05 0.0231882   46%         
620         4.44779e-05 0.0232327   46%         
621         4.29681e-05 0.0232756   46%         
622         3.40743e-05 0.0233097   46%         
623         1.93757e-05 0.0233291   46%         
624         1.93757e-05 0.0233484   46%         
625         1.93757e-05 0.0233678   46%         
626         4.59953e-05 0.0234138   46%         
627         4.59953e-05 0.0234598   46%         
628         4.59953e-05 0.0235058   47%         
629         4.59953e-05 0.0235518   47%         
630         4.59953e-05 0.0235978   47%         
631         4.59953e-05 0.0236438   47%         
632         3.95244e-05 0.0236833   47%         
633         3.95244e-05 0.0237228   47%         
634         3.95244e-05 0.0237624   47%         
635         3.95244e-05 0.0238019   47%         
636         3.95244e-05 0.0238414   47%         
637         3.95244e-05 0.0238809   47%         
638         3.95244e-05 0.0239205   47%         
639         6.98833e-06 0.0239275   47%         
640         6.98833e-06 0.0239344   47%         
641         1.17186e-05 0.0239462   47%         
642         1.17186e-05 0.0239579   47%         
643         1.17186e-05 0.0239696   47%         
644         4.13236e-05 0.0240109   48%         
645         3.93385e-05 0.0240503   48%         
646         3.93385e-05 0.0240896   48%         
647         2.89e-05    0.0241185   48%         
648         2.40162e-05 0.0241425   48%         
649         2.40162e-05 0.0241665   48%         
650         4.59662e-05 0.0242125   48%         
651         3.04826e-05 0.024243    48%         
652         2.68325e-05 0.0242698   48%         
653         2.68325e-05 0.0242966   48%         
654         2.68325e-05 0.0243235   48%         
655         2.23771e-05 0.0243459   48%         
656         4.24577e-05 0.0243883   48%         
657         4.14671e-05 0.0244298   48%         
658         3.82442e-05 0.024468    48%         
659         6.17933e-05 0.0245298   49%         
660         6.17933e-05 0.0245916   49%         
661         6.17933e-05 0.0246534   49%         
662         6.17933e-05 0.0247152   49%         
663         5.42105e-05 0.0247694   49%         
664         5.42105e-05 0.0248236   49%         
665         5.42105e-05 0.0248778   49%         
666         5.10088e-05 0.0249288   49%         
667         3.8093e-05  0.0249669   49%         
668         3.8093e-05  0.025005    50%         
669         3.8093e-05  0.0250431   50%         
670         2.77155e-05 0.0250708   50%         
671         2.77155e-05 0.0250985   50%         
672         4.60783e-05 0.0251446   50%         
673         4.60783e-05 0.0251907   50%         
674         4.47574e-05 0.0252355   50%         
675         4.47574e-05 0.0252802   50%         
676         2.99672e-05 0.0253102   50%         
677         2.99672e-05 0.0253402   50%         
678         2.99672e-05 0.0253701   50%         
679         2.99672e-05 0.0254001   50%         
680         5.04548e-05 0.0254505   50%         
681         5.04548e-05 0.025501    51%         
682         5.04548e-05 0.0255515   51%         
683         5.04548e-05 0.0256019   51%         
684         5.04548e-05 0.0256524   51%         
685         4.49105e-05 0.0256973   51%         
686         4.49105e-05 0.0257422   51%         
687         7.92046e-06 0.0257501   51%         
688         7.00099e-06 0.0257571   51%         
689         1.17796e-05 0.0257689   51%         
690         2.38008e-05 0.0257927   51%         
691         4.46499e-05 0.0258373   51%         
692         3.82331e-05 0.0258756   51%         
693         3.82331e-05 0.0259138   51%         
694         3.82331e-05 0.025952    51%         
695         3.82331e-05 0.0259903   51%         
696         3.82331e-05 0.0260285   52%         
697         3.82331e-05 0.0260667   52%         
698         3.38074e-05 0.0261005   52%         
699         3.38074e-05 0.0261343   52%         
700         3.38074e-05 0.0261682   52%         
701         3.38074e-05 0.026202    52%         
702         3.38074e-05 0.0262358   52%         
703         3.38074e-05 0.0262696   52%         
704         5.15042e-05 0.0263211   52%         
705         5.15042e-05 0.0263726   52%         
706         5.14076e-05 0.026424    52%         
707         5.14076e-05 0.0264754   52%         
708         4.98766e-05 0.0265253   53%         
709         4.98766e-05 0.0265752   53%         
710         4.98766e-05 0.026625    53%         
711         4.98766e-05 0.0266749   53%         
712         7.78895e-05 0.0267528   53%         
713         1.43255e-05 0.0267671   53%         
714         1.43255e-05 0.0267814   53%         
715         1.43255e-05 0.0267958   53%         
716         2.9564e-05  0.0268253   53%         
717         2.9564e-05  0.0268549   53%         
718         2.93701e-05 0.0268843   53%         
719         5.91108e-05 0.0269434   53%         
720         5.91108e-05 0.0270025   54%         
721         5.91108e-05 0.0270616   54%         
722         5.33846e-05 0.027115    54%         
723         5.33846e-05 0.0271684   54%         
724         5.33846e-05 0.0272218   54%         
725         4.65331e-05 0.0272683   54%         
726         4.65331e-05 0.0273148   54%         
727         3.51212e-05 0.0273499   54%         
728         3.51212e-05 0.0273851   54%         
729         3.51212e-05 0.0274202   54%         
730         3.51212e-05 0.0274553   54%         
731         5.81882e-05 0.0275135   55%         
732         5.49138e-05 0.0275684   55%         
733         5.49138e-05 0.0276233   55%         
734         4.29946e-05 0.0276663   55%         
735         3.96679e-05 0.027706    55%         
736         3.89157e-05 0.0277449   55%         
737         3.89157e-05 0.0277838   55%         
738         3.89157e-05 0.0278227   55%         
739         3.89157e-05 0.0278616   55%         
740         3.89157e-05 0.0279006   55%         
741         2.94365e-05 0.02793     55%         
742         2.94365e-05 0.0279594   55%         
743         2.94365e-05 0.0279889   55%         
744         3.67837e-05 0.0280257   56%         
745         3.30467e-05 0.0280587   56%         
746         3.30467e-05 0.0280918   56%         
747         3.30467e-05 0.0281248   56%         
748         2.89814e-05 0.0281538   56%         
749         5.14852e-05 0.0282053   56%         
750         5.14852e-05 0.0282568   56%         
751         5.14852e-05 0.0283082   56%         
752         5.14852e-05 0.0283597   56%         
753         5.14852e-05 0.0284112   56%         
754         4.58286e-05 0.028457    56%         
755         4.58286e-05 0.0285029   57%         
756         4.03174e-05 0.0285432   57%         
757         4.03174e-05 0.0285835   57%         
758         3.78788e-05 0.0286214   57%         
759         3.78788e-05 0.0286593   57%         
760         3.60049e-05 0.0286953   57%         
761         3.60049e-05 0.0287313   57%         
762         3.57161e-05 0.028767    57%         
763         3.49713e-05 0.028802    57%         
764         2.78881e-05 0.0288298   57%         
765         2.78881e-05 0.0288577   57%         
766         2.78881e-05 0.0288856   57%         
767         4.43751e-05 0.02893     57%         
768         3.94463e-05 0.0289694   57%         
769         3.94463e-05 0.0290089   58%         
770         2.84735e-05 0.0290374   58%         
771         2.84735e-05 0.0290658   58%         
772         2.84735e-05 0.0290943   58%         
773         4.34792e-05 0.0291378   58%         
774         4.34792e-05 0.0291813   58%         
775         4.34792e-05 0.0292247   58%         
776         4.01301e-05 0.0292649   58%         
777         4.01301e-05 0.029305    58%         
778         3.68187e-05 0.0293418   58%         
779         3.68187e-05 0.0293786   58%         
780         3.68187e-05 0.0294155   58%         
781         3.68187e-05 0.0294523   58%         
782         3.16103e-05 0.0294839   58%         
783         3.16103e-05 0.0295155   59%         
784         3.16103e-05 0.0295471   59%         
785         3.16103e-05 0.0295787   59%         
786         3.16103e-05 0.0296103   59%         
787         3.16103e-05 0.0296419   59%         
788         2.94075e-05 0.0296713   59%         
789         2.94075e-05 0.0297008   59%         
790         2.74765e-05 0.0297282   59%         
791         2.74765e-05 0.0297557   59%         
792         2.74765e-05 0.0297832   59%         
793         5.14634e-05 0.0298346   59%         
794         5.14634e-05 0.0298861   59%         
795         5.14634e-05 0.0299376   59%         
796         5.14634e-05 0.029989    59%         
797         4.66461e-05 0.0300357   60%         
798         4.66461e-05 0.0300823   60%         
799         4.66461e-05 0.030129    60%         
800         4.66461e-05 0.0301756   60%         
801         4.66461e-05 0.0302223   60%         
802         4.66461e-05 0.0302689   60%         
803         2.18832e-05 0.0302908   60%         
804         2.18832e-05 0.0303127   60%         
805         2.18832e-05 0.0303346   60%         
806         3.40077e-05 0.0303686   60%         
807         3.40077e-05 0.0304026   60%         
808         3.40077e-05 0.0304366   60%         
809         5.3155e-05  0.0304897   60%         
810         5.3139e-05  0.0305429   61%         
811         4.59693e-05 0.0305889   61%         
812         4.32976e-05 0.0306321   61%         
813         4.32976e-05 0.0306754   61%         
814         3.24349e-05 0.0307079   61%         
815         3.24349e-05 0.0307403   61%         
816         3.24349e-05 0.0307728   61%         
817         5.17871e-05 0.0308245   61%         
818         3.98123e-05 0.0308644   61%         
819         3.98123e-05 0.0309042   61%         
820         3.98123e-05 0.030944    61%         
821         3.75024e-05 0.0309815   61%         
822         3.72407e-05 0.0310187   62%         
823         3.43962e-05 0.0310531   62%         
824         5.65861e-05 0.0311097   62%         
825         5.65861e-05 0.0311663   62%         
826         5.65861e-05 0.0312229   62%         
827         5.65861e-05 0.0312795   62%         
828         5.65861e-05 0.031336    62%         
829         5.63916e-05 0.0313924   62%         
830         5.63916e-05 0.0314488   62%         
831         5.63916e-05 0.0315052   63%         
832         5.63916e-05 0.0315616   63%         
833         5.63916e-05 0.031618    63%         
834         5.63916e-05 0.0316744   63%         
835         5.63916e-05 0.0317308   63%         
836         5.63916e-05 0.0317872   63%         
837         4.78061e-05 0.031835    63%         
838         4.78061e-05 0.0318828   63%         
839         4.78061e-05 0.0319306   63%         
840         8.92923e-06 0.0319395   63%         
841         8.92923e-06 0.0319485   63%         
842         7.92388e-06 0.0319564   63%         
843         2.11586e-05 0.0319775   63%         
844         2.01181e-05 0.0319977   63%         
845         3.19385e-05 0.0320296   64%         
846         3.19385e-05 0.0320615   64%         
847         3.19385e-05 0.0320935   64%         
848         3.19385e-05 0.0321254   64%         
849         3.19385e-05 0.0321573   64%         
850         5.03079e-05 0.0322077   64%         
851         5.03079e-05 0.032258    64%         
852         5.03079e-05 0.0323083   64%         
853         5.03079e-05 0.0323586   64%         
854         9.3625e-06  0.0323679   64%         
855         9.3625e-06  0.0323773   64%         
856         1.56885e-05 0.032393    64%         
857         1.56885e-05 0.0324087   64%         
858         1.56885e-05 0.0324244   64%         
859         3.64937e-05 0.0324609   64%         
860         3.64937e-05 0.0324974   64%         
861         3.64937e-05 0.0325339   65%         
862         2.8689e-05  0.0325625   65%         
863         2.8689e-05  0.0325912   65%         
864         4.72367e-05 0.0326385   65%         
865         4.21697e-05 0.0326806   65%         
866         4.21697e-05 0.0327228   65%         
867         4.21697e-05 0.032765    65%         
868         4.21697e-05 0.0328071   65%         
869         4.21697e-05 0.0328493   65%         
870         3.27405e-05 0.0328821   65%         
871         3.27405e-05 0.0329148   65%         
872         3.27405e-05 0.0329475   65%         
873         3.27405e-05 0.0329803   65%         
874         3.27405e-05 0.033013    66%         
875         3.27405e-05 0.0330458   66%         
876         5.49993e-05 0.0331008   66%         
877         5.49993e-05 0.0331558   66%         
878         5.49993e-05 0.0332108   66%         
879         8.44519e-05 0.0332952   66%         
880         2.01577e-05 0.0333154   66%         
881         1.97142e-05 0.0333351   66%         
882         3.09134e-05 0.033366    66%         
883         4.80541e-05 0.033414    66%         
884         3.96488e-05 0.0334537   66%         
885         3.96488e-05 0.0334933   66%         
886         3.96488e-05 0.033533    67%         
887         3.96488e-05 0.0335726   67%         
888         6.96492e-05 0.0336423   67%         
889         6.96492e-05 0.0337119   67%         
890         6.96492e-05 0.0337816   67%         
891         1.34571e-05 0.033795    67%         
892         1.34571e-05 0.0338085   67%         
893         4.49048e-05 0.0338534   67%         
894         4.49048e-05 0.0338983   67%         
895         4.49048e-05 0.0339432   67%         
896         4.49048e-05 0.0339881   67%         
897         6.758e-05   0.0340557   68%         
898         5.05693e-05 0.0341063   68%         
899         4.50524e-05 0.0341513   68%         
900         2.72712e-05 0.0341786   68%         
901         2.72712e-05 0.0342059   68%         
902         2.72712e-05 0.0342331   68%         
903         2.72712e-05 0.0342604   68%         
904         2.72712e-05 0.0342877   68%         
905         2.35957e-05 0.0343113   68%         
906         2.35957e-05 0.0343349   68%         
907         2.35957e-05 0.0343585   68%         
908         3.99624e-05 0.0343984   68%         
909         3.99624e-05 0.0344384   68%         
910         3.99624e-05 0.0344784   68%         
911         3.99624e-05 0.0345183   69%         
912         3.99624e-05 0.0345583   69%         
913         3.99624e-05 0.0345982   69%         
914         3.43488e-05 0.0346326   69%         
915         3.43488e-05 0.0346669   69%         
916         3.43488e-05 0.0347013   69%         
917         3.43488e-05 0.0347356   69%         
918         2.57301e-05 0.0347614   69%         
919         2.57301e-05 0.0347871   69%         
920         2.57301e-05 0.0348128   69%         
921         4.43578e-05 0.0348572   69%         
922         4.43578e-05 0.0349015   69%         
923         4.43578e-05 0.0349459   69%         
924         4.43578e-05 0.0349903   69%         
925         2.70227e-05 0.0350173   70%         
926         2.70227e-05 0.0350443   70%         
927         2.70227e-05 0.0350713   70%         
928         5.08274e-05 0.0351222   70%         
929         4.43358e-05 0.0351665   70%         
930         4.03138e-05 0.0352068   70%         
931         2.1257e-05  0.0352281   70%         
932         2.1257e-05  0.0352493   70%         
933         2.1257e-05  0.0352706   70%         
934         3.91678e-05 0.0353097   70%         
935         7.60225e-06 0.0353173   70%         
936         7.60225e-06 0.0353249   70%         
937         1.29169e-05 0.0353379   70%         
938         1.29169e-05 0.0353508   70%         
939         1.29169e-05 0.0353637   70%         
940         2.24543e-05 0.0353862   70%         
941         2.24543e-05 0.0354086   70%         
942         2.24543e-05 0.0354311   70%         
943         4.33549e-05 0.0354744   70%         
944         4.33549e-05 0.0355178   71%         
945         4.33549e-05 0.0355611   71%         
946         4.33549e-05 0.0356045   71%         
947         4.33549e-05 0.0356478   71%         
948         4.33549e-05 0.0356912   71%         
949         4.33549e-05 0.0357345   71%         
950         4.33549e-05 0.0357779   71%         
951         4.33549e-05 0.0358213   71%         
952         4.33549e-05 0.0358646   71%         
953         4.33549e-05 0.035908    71%         
954         4.33057e-05 0.0359513   71%         
955         4.33057e-05 0.0359946   71%         
956         4.33057e-05 0.0360379   72%         
957         7.53357e-06 0.0360454   72%         
958         7.53357e-06 0.0360529   72%         
959         1.17324e-05 0.0360647   72%         
960         1.77951e-05 0.0360825   72%         
961         1.77951e-05 0.0361003   72%         
962         1.77951e-05 0.0361181   72%         
963         1.60974e-05 0.0361342   72%         
964         3.48354e-05 0.036169    72%         
965         3.48354e-05 0.0362038   72%         
966         3.48354e-05 0.0362387   72%         
967         3.48354e-05 0.0362735   72%         
968         2.85718e-05 0.0363021   72%         
969         5.31458e-05 0.0363552   72%         
970         5.10613e-05 0.0364063   72%         
971         5.10613e-05 0.0364573   72%         
972         5.10613e-05 0.0365084   73%         
973         4.54474e-05 0.0365539   73%         
974         4.54474e-05 0.0365993   73%         
975         4.54474e-05 0.0366448   73%         
976         4.54474e-05 0.0366902   73%         
977         9.35527e-06 0.0366996   73%         
978         9.35527e-06 0.0367089   73%         
979         2.00916e-05 0.036729    73%         
980         3.817e-05   0.0367672   73%         
981         3.817e-05   0.0368053   73%         
982         3.5335e-05  0.0368407   73%         
983         3.5335e-05  0.036876    73%         
984         3.34638e-05 0.0369095   73%         
985         2.31683e-05 0.0369326   73%         
986         2.31683e-05 0.0369558   73%         
987         2.31683e-05 0.036979    73%         
988         2.35534e-05 0.0370025   74%         
989         1.74954e-05 0.03702     74%         
990         2.83202e-05 0.0370483   74%         
991         6.09935e-06 0.0370544   74%         
992         6.09935e-06 0.0370605   74%         
993         1.04011e-05 0.0370709   74%         
994         2.44477e-05 0.0370954   74%         
995         2.44477e-05 0.0371198   74%         
996         2.4176e-05  0.037144    74%         
997         4.06254e-05 0.0371846   74%         
998         4.06254e-05 0.0372253   74%         
999         3.7923e-05  0.0372632   74%         
1000        3.7923e-05  0.0373011   74%         
1001        3.00772e-05 0.0373312   74%         
1002        3.00772e-05 0.0373613   74%         
1003        2.51377e-05 0.0373864   74%         
1004        5.7291e-05  0.0374437   74%         
1005        4.34611e-05 0.0374872   74%         
1006        4.34611e-05 0.0375306   75%         
1007        4.34611e-05 0.0375741   75%         
1008        4.34611e-05 0.0376175   75%         
1009        4.34611e-05 0.037661    75%         
1010        4.34611e-05 0.0377045   75%         
1011        4.34611e-05 0.0377479   75%         
1012        4.34611e-05 0.0377914   75%         
1013        4.34611e-05 0.0378348   75%         
1014        4.34611e-05 0.0378783   75%         
1015        6.94936e-05 0.0379478   75%         
1016        5.408e-05   0.0380019   76%         
1017        4.88773e-05 0.0380508   76%         
1018        2.93058e-05 0.0380801   76%         
1019        2.76614e-05 0.0381077   76%         
1020        2.76614e-05 0.0381354   76%         
1021        4.97141e-05 0.0381851   76%         
1022        4.97141e-05 0.0382348   76%         
1023        1.12824e-05 0.0382461   76%         
1024        1.12824e-05 0.0382574   76%         
1025        1.09033e-05 0.0382683   76%         
1026        2.60684e-05 0.0382944   76%         
1027        2.60684e-05 0.0383204   76%         
1028        2.60684e-05 0.0383465   76%         
1029        4.91782e-05 0.0383957   76%         
1030        1.18045e-05 0.0384075   76%         
1031        1.18045e-05 0.0384193   76%         
1032        2.04125e-05 0.0384397   76%         
1033        2.04125e-05 0.0384601   76%         
1034        1.8284e-05  0.0384784   76%         
1035        4.59407e-05 0.0385243   77%         
1036        4.23683e-05 0.0385667   77%         
1037        4.07164e-05 0.0386074   77%         
1038        4.07164e-05 0.0386481   77%         
1039        9.14108e-06 0.0386573   77%         
1040        9.14108e-06 0.0386664   77%         
1041        9.14108e-06 0.0386756   77%         
1042        1.82261e-05 0.0386938   77%         
1043        1.82261e-05 0.038712    77%         
1044        1.52237e-05 0.0387272   77%         
1045        3.81009e-05 0.0387653   77%         
1046        3.78554e-05 0.0388032   77%         
1047        3.67713e-05 0.03884     77%         
1048        3.67713e-05 0.0388767   77%         
1049        2.45931e-05 0.0389013   77%         
1050        2.45931e-05 0.0389259   77%         
1051        2.45931e-05 0.0389505   77%         
1052        2.44135e-05 0.0389749   77%         
1053        3.99573e-05 0.0390149   78%         
1054        3.57006e-05 0.0390506   78%         
1055        3.57006e-05 0.0390863   78%         
1056        3.57006e-05 0.039122    78%         
1057        3.57006e-05 0.0391577   78%         
1058        3.10554e-05 0.0391887   78%         
1059        6.02273e-05 0.039249    78%         
1060        5.30822e-05 0.039302    78%         
1061        4.52452e-05 0.0393473   78%         
1062        3.77584e-05 0.039385    78%         
1063        3.77584e-05 0.0394228   78%         
1064        2.96574e-05 0.0394525   78%         
1065        4.97826e-05 0.0395022   79%         
1066        4.97826e-05 0.039552    79%         
1067        4.97826e-05 0.0396018   79%         
1068        4.97826e-05 0.0396516   79%         
1069        4.97826e-05 0.0397014   79%         
1070        4.97826e-05 0.0397512   79%         
1071        4.95169e-05 0.0398007   79%         
1072        4.95169e-05 0.0398502   79%         
1073        4.20795e-05 0.0398923   79%         
1074        4.20795e-05 0.0399344   79%         
1075        3.28384e-05 0.0399672   79%         
1076        3.28384e-05 0.04        80%         
1077        3.28384e-05 0.0400329   80%         
1078        4.97547e-05 0.0400826   80%         
1079        4.97547e-05 0.0401324   80%         
1080        4.67968e-05 0.0401792   80%         
1081        4.67968e-05 0.040226    80%         
1082        4.67968e-05 0.0402728   80%         
1083        4.26447e-05 0.0403154   80%         
1084        4.26447e-05 0.0403581   80%         
1085        4.2061e-05  0.0404001   80%         
1086        6.54398e-05 0.0404656   80%         
1087        5.21602e-05 0.0405177   81%         
1088        5.21602e-05 0.0405699   81%         
1089        4.49365e-05 0.0406148   81%         
1090        4.49365e-05 0.0406598   81%         
1091        4.49365e-05 0.0407047   81%         
1092        3.98244e-05 0.0407445   81%         
1093        3.21022e-05 0.0407766   81%         
1094        3.21022e-05 0.0408087   81%         
1095        3.21022e-05 0.0408408   81%         
1096        3.21022e-05 0.0408729   81%         
1097        3.21022e-05 0.040905    81%         
1098        6.50591e-05 0.0409701   81%         
1099        4.73592e-05 0.0410174   82%         
1100        7.30873e-05 0.0410905   82%         
1101        6.53705e-05 0.0411559   82%         
1102        6.53705e-05 0.0412213   82%         
1103        6.53705e-05 0.0412866   82%         
1104        1.02266e-05 0.0412969   82%         
1105        1.02266e-05 0.0413071   82%         
1106        1.02266e-05 0.0413173   82%         
1107        3.59177e-05 0.0413532   82%         
1108        3.59177e-05 0.0413892   82%         
1109        1.05741e-05 0.0413997   82%         
1110        1.05741e-05 0.0414103   82%         
1111        1.80039e-05 0.0414283   82%         
1112        1.80039e-05 0.0414463   82%         
1113        2.79449e-05 0.0414743   82%         
1114        4.88414e-05 0.0415231   83%         
1115        4.29164e-05 0.041566    83%         
1116        2.84747e-05 0.0415945   83%         
1117        2.84747e-05 0.041623    83%         
1118        2.84747e-05 0.0416514   83%         
1119        2.84747e-05 0.0416799   83%         
1120        2.84747e-05 0.0417084   83%         
1121        4.78952e-05 0.0417563   83%         
1122        3.78372e-05 0.0417941   83%         
1123        3.33521e-05 0.0418275   83%         
1124        3.33521e-05 0.0418608   83%         
1125        5.14796e-05 0.0419123   83%         
1126        5.14796e-05 0.0419638   83%         
1127        4.99384e-05 0.0420137   84%         
1128        4.99384e-05 0.0420637   84%         
1129        4.99384e-05 0.0421136   84%         
1130        4.42014e-05 0.0421578   84%         
1131        4.42014e-05 0.042202    84%         
1132        3.76229e-05 0.0422396   84%         
1133        3.76229e-05 0.0422772   84%         
1134        3.76229e-05 0.0423149   84%         
1135        2.38302e-05 0.0423387   84%         
1136        2.38302e-05 0.0423625   84%         
1137        2.38302e-05 0.0423864   84%         
1138        4.34968e-05 0.0424299   84%         
1139        3.56667e-05 0.0424655   84%         
1140        2.50139e-05 0.0424905   84%         
1141        2.50139e-05 0.0425156   85%         
1142        2.50139e-05 0.0425406   85%         
1143        5.22154e-05 0.0425928   85%         
1144        5.22154e-05 0.042645    85%         
1145        4.89781e-05 0.042694    85%         
1146        4.89781e-05 0.042743    85%         
1147        4.89781e-05 0.0427919   85%         
1148        4.89781e-05 0.0428409   85%         
1149        4.89781e-05 0.0428899   85%         
1150        4.48826e-05 0.0429348   85%         
1151        4.48826e-05 0.0429797   85%         
1152        2.70071e-05 0.0430067   86%         
1153        2.70071e-05 0.0430337   86%         
1154        2.66166e-05 0.0430603   86%         
1155        4.99723e-05 0.0431103   86%         
1156        4.99723e-05 0.0431602   86%         
1157        4.99723e-05 0.0432102   86%         
1158        4.99723e-05 0.0432602   86%         
1159        4.99723e-05 0.0433101   86%         
1160        4.35117e-05 0.0433537   86%         
1161        4.35117e-05 0.0433972   86%         
1162        4.35117e-05 0.0434407   86%         
1163        4.04506e-05 0.0434811   86%         
1164        4.53036e-05 0.0435264   87%         
1165        3.81384e-05 0.0435646   87%         
1166        4.64247e-05 0.043611    87%         
1167        4.1923e-05  0.0436529   87%         
1168        7.97951e-05 0.0437327   87%         
1169        6.7214e-05  0.0437999   87%         
1170        6.7214e-05  0.0438671   87%         
1171        2.58715e-06 0.0438697   87%         
1172        2.33485e-06 0.0438721   87%         
1173        3.72672e-06 0.0438758   87%         
1174        5.61985e-06 0.0438814   87%         
1175        1.19534e-05 0.0438934   87%         
1176        6.7431e-06  0.0439001   87%         
1177        6.7431e-06  0.0439069   87%         
1178        1.41118e-05 0.043921    87%         
1179        2.7908e-05  0.0439489   87%         
1180        2.7908e-05  0.0439768   87%         
1181        5.0051e-05  0.0440268   88%         
1182        5.0051e-05  0.0440769   88%         
1183        5.0051e-05  0.0441269   88%         
1184        9.01423e-06 0.0441359   88%         
1185        9.01423e-06 0.044145    88%         
1186        1.43274e-05 0.0441593   88%         
1187        1.43274e-05 0.0441736   88%         
1188        1.43274e-05 0.0441879   88%         
1189        3.70671e-05 0.044225    88%         
1190        3.70671e-05 0.0442621   88%         
1191        6.24341e-05 0.0443245   88%         
1192        6.24341e-05 0.0443869   88%         
1193        5.68474e-05 0.0444438   88%         
1194        1.25858e-05 0.0444564   88%         
1195        1.04363e-05 0.0444668   88%         
1196        3.0077e-05  0.0444969   88%         
1197        3.0077e-05  0.044527    89%         
1198        3.0077e-05  0.044557    89%         
1199        4.62454e-05 0.0446033   89%         
1200        1.09671e-06 0.0446044   89%         
1201        1.09671e-06 0.0446055   89%         
1202        2.89537e-06 0.0446084   89%         
1203        4.62e-06    0.044613    89%         
1204        8.47511e-06 0.0446215   89%         
1205        1.54732e-05 0.0446369   89%         
1206        2.79291e-05 0.0446649   89%         
1207        4.48853e-05 0.0447098   89%         
1208        3.59735e-05 0.0447457   89%         
1209        3.59735e-05 0.0447817   89%         
1210        3.59735e-05 0.0448177   89%         
1211        2.87106e-05 0.0448464   89%         
1212        2.87106e-05 0.0448751   89%         
1213        2.87106e-05 0.0449038   89%         
1214        4.49e-05    0.0449487   89%         
1215        4.49e-05    0.0449936   89%         
1216        4.49e-05    0.0450385   90%         
1217        4.49e-05    0.0450834   90%         
1218        3.67023e-05 0.0451201   90%         
1219        3.67023e-05 0.0451568   90%         
1220        2.75841e-05 0.0451844   90%         
1221        2.75841e-05 0.045212    90%         
1222        2.75841e-05 0.0452396   90%         
1223        2.75841e-05 0.0452672   90%         
1224        5.04278e-05 0.0453176   90%         
1225        4.69399e-05 0.0453645   90%         
1226        4.69399e-05 0.0454115   90%         
1227        3.60477e-05 0.0454475   90%         
1228        3.60477e-05 0.0454836   90%         
1229        3.37052e-05 0.0455173   91%         
1230        5.36892e-05 0.045571    91%         
1231        5.36892e-05 0.0456246   91%         
1232        5.36417e-05 0.0456783   91%         
1233        5.36417e-05 0.0457319   91%         
1234        5.36417e-05 0.0457856   91%         
1235        5.28673e-05 0.0458384   91%         
1236        5.28673e-05 0.0458913   91%         
1237        5.28673e-05 0.0459442   91%         
1238        5.28673e-05 0.045997    91%         
1239        5.28673e-05 0.0460499   92%         
1240        5.28673e-05 0.0461028   92%         
1241        5.28673e-05 0.0461556   92%         
1242        5.28673e-05 0.0462085   92%         
1243        5.28673e-05 0.0462614   92%         
1244        5.28673e-05 0.0463142   92%         
1245        5.28673e-05 0.0463671   92%         
1246        5.28673e-05 0.04642     92%         
1247        4.76979e-05 0.0464677   92%         
1248        3.74144e-05 0.0465051   93%         
1249        3.39235e-05 0.046539    93%         
1250        7.1395e-06  0.0465462   93%         
1251        7.1395e-06  0.0465533   93%         
1252        7.1395e-06  0.0465604   93%         
1253        1.30071e-05 0.0465734   93%         
1254        1.30071e-05 0.0465864   93%         
1255        2.40884e-05 0.0466105   93%         
1256        2.40884e-05 0.0466346   93%         
1257        2.40884e-05 0.0466587   93%         
1258        2.40884e-05 0.0466828   93%         
1259        4.33414e-05 0.0467261   93%         
1260        3.66069e-05 0.0467627   93%         
1261        3.66069e-05 0.0467994   93%         
1262        3.66069e-05 0.046836    93%         
1263        3.66069e-05 0.0468726   93%         
1264        3.66069e-05 0.0469092   93%         
1265        3.66069e-05 0.0469458   93%         
1266        5.6245e-05  0.047002    94%         
1267        4.85839e-05 0.0470506   94%         
1268        4.85839e-05 0.0470992   94%         
1269        4.85839e-05 0.0471478   94%         
1270        4.85839e-05 0.0471964   94%         
1271        4.67087e-05 0.0472431   94%         
1272        4.67087e-05 0.0472898   94%         
1273        4.67087e-05 0.0473365   94%         
1274        4.67087e-05 0.0473832   94%         
1275        7.46539e-06 0.0473907   94%         
1276        7.46539e-06 0.0473981   94%         
1277        1.15263e-05 0.0474097   94%         
1278        1.15263e-05 0.0474212   94%         
1279        1.79624e-05 0.0474391   94%         
1280        1.79624e-05 0.0474571   94%         
1281        1.79624e-05 0.0474751   94%         
1282        3.15728e-05 0.0475066   95%         
1283        3.15728e-05 0.0475382   95%         
1284        3.15728e-05 0.0475698   95%         
1285        3.15728e-05 0.0476014   95%         
1286        4.89311e-05 0.0476503   95%         
1287        3.61659e-05 0.0476865   95%         
1288        3.22559e-05 0.0477187   95%         
1289        3.22559e-05 0.047751    95%         
1290        3.22559e-05 0.0477832   95%         
1291        3.22559e-05 0.0478155   95%         
1292        2.67813e-05 0.0478423   95%         
1293        2.67813e-05 0.047869    95%         
1294        2.67813e-05 0.0478958   95%         
1295        2.67813e-05 0.0479226   95%         
1296        2.67813e-05 0.0479494   95%         
1297        2.67813e-05 0.0479762   95%         
1298        2.67813e-05 0.0480029   96%         
1299        2.08759e-05 0.0480238   96%         
1300        2.08759e-05 0.0480447   96%         
1301        2.08759e-05 0.0480656   96%         
1302        2.08759e-05 0.0480865   96%         
1303        2.08759e-05 0.0481073   96%         
1304        2.08759e-05 0.0481282   96%         
1305        3.77772e-05 0.048166    96%         
1306        3.77772e-05 0.0482038   96%         
1307        3.50024e-05 0.0482388   96%         
1308        3.50024e-05 0.0482738   96%         
1309        3.50024e-05 0.0483088   96%         
1310        2.89008e-05 0.0483377   96%         
1311        2.89008e-05 0.0483666   96%         
1312        2.89008e-05 0.0483955   96%         
1313        2.7046e-05  0.0484225   96%         
1314        2.7046e-05  0.0484496   96%         
1315        4.34467e-05 0.048493    96%         
1316        3.62711e-05 0.0485293   97%         
1317        7.95964e-06 0.0485372   97%         
1318        7.95964e-06 0.0485452   97%         
1319        7.95964e-06 0.0485532   97%         
1320        1.7202e-05  0.0485704   97%         
1321        2.73125e-05 0.0485977   97%         
1322        2.50394e-05 0.0486227   97%         
1323        2.50394e-05 0.0486477   97%         
1324        2.50394e-05 0.0486728   97%         
1325        2.4708e-05  0.0486975   97%         
1326        2.4708e-05  0.0487222   97%         
1327        2.4708e-05  0.0487469   97%         
1328        3.74413e-05 0.0487844   97%         
1329        3.01109e-05 0.0488145   97%         
1330        3.01109e-05 0.0488446   97%         
1331        3.01109e-05 0.0488747   97%         
1332        2.38554e-05 0.0488985   97%         
1333        2.38554e-05 0.0489224   97%         
1334        2.38554e-05 0.0489463   97%         
1335        3.62316e-05 0.0489825   97%         
1336        2.84256e-05 0.0490109   98%         
1337        2.84256e-05 0.0490393   98%         
1338        2.41776e-05 0.0490635   98%         
1339        3.05454e-05 0.0490941   98%         
1340        2.46173e-05 0.0491187   98%         
1341        2.46173e-05 0.0491433   98%         
1342        2.46173e-05 0.0491679   98%         
1343        3.26282e-05 0.0492005   98%         
1344        2.54436e-05 0.049226    98%         
1345        2.54436e-05 0.0492514   98%         
1346        2.54436e-05 0.0492769   98%         
1347        2.54436e-05 0.0493023   98%         
1348        2.54436e-05 0.0493278   98%         
1349        2.54436e-05 0.0493532   98%         
1350        2.24547e-05 0.0493757   98%         
1351        2.24547e-05 0.0493981   98%         
1352        2.01967e-05 0.0494183   98%         
1353        3.14556e-05 0.0494498   98%         
1354        2.47226e-05 0.0494745   98%         
1355        2.47226e-05 0.0494992   98%         
1356        2.47226e-05 0.0495239   99%         
1357        2.47226e-05 0.0495487   99%         
1358        2.47226e-05 0.0495734   99%         
1359        2.47044e-05 0.0495981   99%         
1360        2.47044e-05 0.0496228   99%         
1361        2.47044e-05 0.0496475   99%         
1362        4.3172e-05  0.0496907   99%         
1363        3.38756e-05 0.0497245   99%         
1364        3.38756e-05 0.0497584   99%         
1365        3.38756e-05 0.0497923   99%         
1366        3.38756e-05 0.0498262   99%         
1367        3.11443e-05 0.0498573   99%         
1368        3.11443e-05 0.0498885   99%         
1369        2.78968e-05 0.0499163   99%         
1370        2.78968e-05 0.0499442   99%         
1371        2.32633e-05 0.0499675   99%         
1372        4.89222e-05 0.0500164   100%        
1373        3.79176e-05 0.0500543   100%        
