225	0.000975389	0.000975328	0.000979042	0.000975662	3.87075	3.39608333333333	21.843	30.2698333333333	1006	1006	1009	1006
841	0.000246298	0.000246375	0.000979042	0.000245928	5.94233333333333	4.84145	21.843	39.1938333333333	1008	1008	1009	1006
3249	6.18E-05	6.18E-05	6.16E-05	6.18E-05	7.19908333333333	8.95771666666667	51.3031666666667	11.7374666666667	1015	1013	1233	1008
12769	1.55E-05	1.55E-05	1.54E-05	1.54E-05	13.4983166666667	10.94115	105.168833333333	34.0336666666667	1010	1011	4885	1006
50625	3.88E-06	3.83E-06	3.86E-06	3.86E-06	34.4561666666667	33.1253333333333	359.628333333333	74.5465	1009	1012	19542	1007
201601	9.62E-07	9.31E-07	9.67E-07	9.68E-07	105.1635	110.6765	888.226666666667	182.085	1009	1009	78173	1007




