0.003191    0.0105      
0.007821    0.009794    
0.01282     0.00913     
0.01782     0.008523    
0.02282     0.007964    
0.02782     0.007448    
0.03282     0.006974    
0.03782     0.006539    
0.04282     0.006142    
0.04782     0.00578     
0.05282     0.00545     
0.05782     0.00515     
0.06282     0.004878    
0.06782     0.004631    
0.07282     0.004406    
0.07782     0.0042      
0.08282     0.004011    
0.08782     0.003838    
0.09282     0.003677    
0.09782     0.003528    
0.1028      0.003389    
0.1078      0.003257    
0.1128      0.003133    
0.1178      0.003016    
0.1228      0.002903    
0.1278      0.002796    
0.1328      0.002693    
0.1378      0.002593    
0.1428      0.002497    
0.1478      0.002404    
0.1528      0.002314    
0.1578      0.002227    
0.1628      0.002143    
0.1678      0.002061    
0.1728      0.001981    
0.1778      0.001904    
0.1828      0.00183     
0.1878      0.001757    
0.1928      0.001687    
0.1978      0.001619    
0.2018      0.001567    
