0.001978    0.05801     
0.006978    0.05732     
0.01198     0.05668     
0.01698     0.05609     
0.02198     0.05554     
0.02698     0.05502     
0.03198     0.05452     
0.03698     0.05404     
0.04198     0.05358     
0.04698     0.05314     
0.05198     0.0527      
0.05698     0.05227     
0.06198     0.05186     
0.06698     0.05145     
0.07198     0.05104     
0.07698     0.05065     
0.08198     0.05025     
0.08698     0.04986     
0.09198     0.04948     
0.09698     0.0491      
0.102       0.04873     
0.107       0.04836     
0.112       0.04799     
0.117       0.04762     
0.122       0.04726     
0.127       0.04691     
0.132       0.04655     
0.137       0.0462      
0.142       0.04585     
0.147       0.04551     
0.152       0.04517     
0.157       0.04483     
0.162       0.0445      
0.167       0.04416     
0.172       0.04383     
0.177       0.04351     
0.182       0.04319     
0.187       0.04286     
0.192       0.04255     
0.197       0.04223     
0.202       0.04192     
0.207       0.04161     
0.212       0.0413      
0.217       0.041       
0.222       0.0407      
0.227       0.0404      
0.232       0.04011     
0.237       0.03981     
0.242       0.03952     
0.247       0.03923     
0.252       0.03895     
