DOFs            h               L2 error        
<<<<<<< HEAD
144             14.21           0.1866          
800             6.349           0.03455         
5184            2.916           0.004956        
36992           1.387           0.002583        
278784          0.6743          0.00255         
=======
5040            2.992           0.003553        
35360           1.425           0.0003183       
264000          0.6931          2.813e-05       
>>>>>>> 45c7ce6627adf908e2c32a972d652a32285034fa
