Step        Dt          Time        Progress    
1           3.43226e-09 3.43226e-09 0%          
2           2.82608e-07 2.8604e-07  0%          
3           4.6429e-06  4.92894e-06 0%          
4           3.04761e-05 3.54051e-05 0%          
5           8.75697e-05 0.000122975 0%          
6           0.0001      0.000222975 0%          
7           0.0001      0.000322975 0%          
8           0.0001      0.000422975 0%          
9           0.0001      0.000522975 0%          
10          0.0001      0.000622975 0%          
11          0.0001      0.000722975 0%          
12          0.0001      0.000822975 0%          
13          0.0001      0.000922975 0%          
14          0.0001      0.00102297  1%          
15          0.0001      0.00112297  1%          
16          0.0001      0.00122297  1%          
17          0.0001      0.00132297  1%          
18          0.0001      0.00142297  1%          
19          0.0001      0.00152297  1%          
20          0.0001      0.00162297  1%          
21          0.0001      0.00172297  1%          
22          0.0001      0.00182297  1%          
23          0.0001      0.00192297  1%          
24          0.0001      0.00202297  2%          
25          0.0001      0.00212297  2%          
26          0.0001      0.00222297  2%          
27          0.0001      0.00232297  2%          
28          0.0001      0.00242297  2%          
29          0.0001      0.00252297  2%          
30          0.0001      0.00262297  2%          
31          0.0001      0.00272297  2%          
32          0.0001      0.00282297  2%          
33          0.0001      0.00292297  2%          
34          0.0001      0.00302297  3%          
35          0.0001      0.00312297  3%          
36          0.0001      0.00322297  3%          
37          0.0001      0.00332297  3%          
38          0.0001      0.00342297  3%          
39          0.0001      0.00352297  3%          
40          0.0001      0.00362297  3%          
41          0.0001      0.00372297  3%          
42          0.0001      0.00382297  3%          
43          0.0001      0.00392297  3%          
44          0.0001      0.00402297  4%          
45          0.0001      0.00412297  4%          
46          0.0001      0.00422297  4%          
47          0.0001      0.00432297  4%          
48          0.0001      0.00442297  4%          
49          0.0001      0.00452297  4%          
50          0.0001      0.00462297  4%          
51          0.0001      0.00472297  4%          
52          0.0001      0.00482297  4%          
53          0.0001      0.00492297  4%          
54          0.0001      0.00502297  5%          
55          9.19853e-05 0.00511496  5%          
56          0.0001      0.00521496  5%          
57          0.0001      0.00531496  5%          
58          0.0001      0.00541496  5%          
59          0.0001      0.00551496  5%          
60          0.0001      0.00561496  5%          
61          0.0001      0.00571496  5%          
62          0.0001      0.00581496  5%          
63          0.0001      0.00591496  5%          
64          0.0001      0.00601496  6%          
65          0.0001      0.00611496  6%          
66          0.0001      0.00621496  6%          
67          0.0001      0.00631496  6%          
68          0.0001      0.00641496  6%          
69          0.0001      0.00651496  6%          
70          0.0001      0.00661496  6%          
71          0.0001      0.00671496  6%          
72          0.0001      0.00681496  6%          
73          0.0001      0.00691496  6%          
74          0.0001      0.00701496  7%          
75          0.0001      0.00711496  7%          
76          0.0001      0.00721496  7%          
77          0.0001      0.00731496  7%          
78          0.0001      0.00741496  7%          
79          0.0001      0.00751496  7%          
80          0.0001      0.00761496  7%          
81          0.0001      0.00771496  7%          
82          0.0001      0.00781496  7%          
83          0.0001      0.00791496  7%          
84          0.0001      0.00801496  8%          
85          0.0001      0.00811496  8%          
86          0.0001      0.00821496  8%          
87          0.0001      0.00831496  8%          
88          0.0001      0.00841496  8%          
89          0.0001      0.00851496  8%          
90          0.0001      0.00861496  8%          
91          0.0001      0.00871496  8%          
92          0.0001      0.00881496  8%          
93          0.0001      0.00891496  8%          
94          0.0001      0.00901496  9%          
95          0.0001      0.00911496  9%          
96          0.0001      0.00921496  9%          
97          0.0001      0.00931496  9%          
98          0.0001      0.00941496  9%          
99          0.0001      0.00951496  9%          
100         0.0001      0.00961496  9%          
101         0.0001      0.00971496  9%          
102         0.0001      0.00981496  9%          
103         0.0001      0.00991496  9%          
104         0.0001      0.010015    10%         
105         0.0001      0.010115    10%         
106         0.0001      0.010215    10%         
107         0.0001      0.010315    10%         
108         0.0001      0.010415    10%         
109         0.0001      0.010515    10%         
110         0.0001      0.010615    10%         
111         0.0001      0.010715    10%         
112         0.0001      0.010815    10%         
113         0.0001      0.010915    10%         
114         0.0001      0.011015    11%         
115         0.0001      0.011115    11%         
116         0.0001      0.011215    11%         
117         0.0001      0.011315    11%         
118         0.0001      0.011415    11%         
119         0.0001      0.011515    11%         
120         0.0001      0.011615    11%         
121         0.0001      0.011715    11%         
122         0.0001      0.011815    11%         
123         0.0001      0.011915    11%         
124         0.0001      0.012015    12%         
125         0.0001      0.012115    12%         
126         0.0001      0.012215    12%         
127         0.0001      0.012315    12%         
128         0.0001      0.012415    12%         
129         0.0001      0.012515    12%         
130         0.0001      0.012615    12%         
131         0.0001      0.012715    12%         
132         0.0001      0.012815    12%         
133         0.0001      0.012915    12%         
134         0.0001      0.013015    13%         
135         0.0001      0.013115    13%         
136         0.0001      0.013215    13%         
137         0.0001      0.013315    13%         
138         0.0001      0.013415    13%         
139         0.0001      0.013515    13%         
140         0.0001      0.013615    13%         
141         0.0001      0.013715    13%         
142         0.0001      0.013815    13%         
143         0.0001      0.013915    13%         
144         0.0001      0.014015    14%         
145         0.0001      0.014115    14%         
146         0.0001      0.014215    14%         
147         0.0001      0.014315    14%         
148         0.0001      0.014415    14%         
149         0.0001      0.014515    14%         
150         0.0001      0.014615    14%         
151         0.0001      0.014715    14%         
152         0.0001      0.014815    14%         
153         0.0001      0.014915    14%         
154         0.0001      0.015015    15%         
155         0.0001      0.015115    15%         
156         0.0001      0.015215    15%         
157         0.0001      0.015315    15%         
158         0.0001      0.015415    15%         
159         0.0001      0.015515    15%         
160         0.0001      0.015615    15%         
161         0.0001      0.015715    15%         
162         0.0001      0.015815    15%         
163         0.0001      0.015915    15%         
164         0.0001      0.016015    16%         
165         0.0001      0.016115    16%         
166         0.0001      0.016215    16%         
167         0.0001      0.016315    16%         
168         0.0001      0.016415    16%         
169         0.0001      0.016515    16%         
170         0.0001      0.016615    16%         
171         0.0001      0.016715    16%         
172         0.0001      0.016815    16%         
173         0.0001      0.016915    16%         
174         0.0001      0.017015    17%         
175         0.0001      0.017115    17%         
176         0.0001      0.017215    17%         
177         0.0001      0.017315    17%         
178         0.0001      0.017415    17%         
179         0.0001      0.017515    17%         
180         0.0001      0.017615    17%         
181         0.0001      0.017715    17%         
182         0.0001      0.017815    17%         
183         0.0001      0.017915    17%         
184         0.0001      0.018015    18%         
185         0.0001      0.018115    18%         
186         0.0001      0.018215    18%         
187         0.0001      0.018315    18%         
188         0.0001      0.018415    18%         
189         0.0001      0.018515    18%         
190         0.0001      0.018615    18%         
191         0.0001      0.018715    18%         
192         0.0001      0.018815    18%         
193         0.0001      0.018915    18%         
194         0.0001      0.019015    19%         
195         0.0001      0.019115    19%         
196         0.0001      0.019215    19%         
197         0.0001      0.019315    19%         
198         0.0001      0.019415    19%         
199         0.0001      0.019515    19%         
200         0.0001      0.019615    19%         
201         0.0001      0.019715    19%         
202         0.0001      0.019815    19%         
203         0.0001      0.019915    19%         
204         0.0001      0.020015    20%         
205         0.0001      0.020115    20%         
206         0.0001      0.020215    20%         
207         0.0001      0.020315    20%         
208         0.0001      0.020415    20%         
209         0.0001      0.020515    20%         
210         0.0001      0.020615    20%         
211         0.0001      0.020715    20%         
212         0.0001      0.020815    20%         
213         0.0001      0.020915    20%         
214         0.0001      0.021015    21%         
215         0.0001      0.021115    21%         
216         0.0001      0.021215    21%         
217         0.0001      0.021315    21%         
218         0.0001      0.021415    21%         
219         0.0001      0.021515    21%         
220         0.0001      0.021615    21%         
221         0.0001      0.021715    21%         
222         0.0001      0.021815    21%         
223         0.0001      0.021915    21%         
224         0.0001      0.022015    22%         
225         0.0001      0.022115    22%         
226         0.0001      0.022215    22%         
227         0.0001      0.022315    22%         
228         0.0001      0.022415    22%         
229         0.0001      0.022515    22%         
230         0.0001      0.022615    22%         
231         0.0001      0.022715    22%         
232         0.0001      0.022815    22%         
233         0.0001      0.022915    22%         
234         0.0001      0.023015    23%         
235         0.0001      0.023115    23%         
236         0.0001      0.023215    23%         
237         0.0001      0.023315    23%         
238         0.0001      0.023415    23%         
239         0.0001      0.023515    23%         
240         0.0001      0.023615    23%         
241         0.0001      0.023715    23%         
242         0.0001      0.023815    23%         
243         0.0001      0.023915    23%         
244         0.0001      0.024015    24%         
245         0.0001      0.024115    24%         
246         0.0001      0.024215    24%         
247         0.0001      0.024315    24%         
248         0.0001      0.024415    24%         
249         0.0001      0.024515    24%         
250         0.0001      0.024615    24%         
251         0.0001      0.024715    24%         
252         0.0001      0.024815    24%         
253         0.0001      0.024915    24%         
254         0.0001      0.025015    25%         
255         0.0001      0.025115    25%         
256         0.0001      0.025215    25%         
257         0.0001      0.025315    25%         
258         0.0001      0.025415    25%         
259         0.0001      0.025515    25%         
260         0.0001      0.025615    25%         
261         0.0001      0.025715    25%         
262         0.0001      0.025815    25%         
263         0.0001      0.025915    25%         
264         0.0001      0.026015    26%         
265         0.0001      0.026115    26%         
266         0.0001      0.026215    26%         
267         0.0001      0.026315    26%         
268         0.0001      0.026415    26%         
269         0.0001      0.026515    26%         
270         0.0001      0.026615    26%         
271         0.0001      0.026715    26%         
272         0.0001      0.026815    26%         
273         0.0001      0.026915    26%         
274         0.0001      0.027015    27%         
275         0.0001      0.027115    27%         
276         0.0001      0.027215    27%         
277         0.0001      0.027315    27%         
278         0.0001      0.027415    27%         
279         0.0001      0.027515    27%         
280         0.0001      0.027615    27%         
281         0.0001      0.027715    27%         
282         0.0001      0.027815    27%         
283         0.0001      0.027915    27%         
284         0.0001      0.028015    28%         
285         0.0001      0.028115    28%         
286         0.0001      0.028215    28%         
287         0.0001      0.028315    28%         
288         0.0001      0.028415    28%         
289         0.0001      0.028515    28%         
290         0.0001      0.028615    28%         
291         0.0001      0.028715    28%         
292         0.0001      0.028815    28%         
293         0.0001      0.028915    28%         
294         0.0001      0.029015    29%         
295         0.0001      0.029115    29%         
296         0.0001      0.029215    29%         
297         0.0001      0.029315    29%         
298         0.0001      0.029415    29%         
299         0.0001      0.029515    29%         
300         0.0001      0.029615    29%         
301         0.0001      0.029715    29%         
302         0.0001      0.029815    29%         
303         0.0001      0.029915    29%         
304         0.0001      0.030015    30%         
305         0.0001      0.030115    30%         
306         0.0001      0.030215    30%         
307         0.0001      0.030315    30%         
308         0.0001      0.030415    30%         
309         0.0001      0.030515    30%         
310         0.0001      0.030615    30%         
311         0.0001      0.030715    30%         
312         0.0001      0.030815    30%         
313         0.0001      0.030915    30%         
314         0.0001      0.031015    31%         
315         0.0001      0.031115    31%         
316         0.0001      0.031215    31%         
317         0.0001      0.031315    31%         
318         0.0001      0.031415    31%         
319         0.0001      0.031515    31%         
320         0.0001      0.031615    31%         
321         0.0001      0.031715    31%         
322         0.0001      0.031815    31%         
323         0.0001      0.031915    31%         
324         0.0001      0.032015    32%         
325         0.0001      0.032115    32%         
326         0.0001      0.032215    32%         
327         0.0001      0.032315    32%         
328         0.0001      0.032415    32%         
329         0.0001      0.032515    32%         
330         0.0001      0.032615    32%         
331         0.0001      0.032715    32%         
332         9.22124e-05 0.0328072   32%         
333         0.0001      0.0329072   32%         
334         0.0001      0.0330072   33%         
335         0.0001      0.0331072   33%         
336         0.0001      0.0332072   33%         
337         0.0001      0.0333072   33%         
338         0.0001      0.0334072   33%         
339         0.0001      0.0335072   33%         
340         0.0001      0.0336072   33%         
341         0.0001      0.0337072   33%         
342         0.0001      0.0338072   33%         
343         0.0001      0.0339072   33%         
344         9.67852e-05 0.034004    34%         
345         0.0001      0.034104    34%         
346         0.0001      0.034204    34%         
347         0.0001      0.034304    34%         
348         0.0001      0.034404    34%         
349         0.0001      0.034504    34%         
350         0.0001      0.034604    34%         
351         0.0001      0.034704    34%         
352         0.0001      0.034804    34%         
353         0.0001      0.034904    34%         
354         0.0001      0.035004    35%         
355         0.0001      0.035104    35%         
356         0.0001      0.035204    35%         
357         0.0001      0.035304    35%         
358         0.0001      0.035404    35%         
359         0.0001      0.035504    35%         
360         0.0001      0.035604    35%         
361         0.0001      0.035704    35%         
362         0.0001      0.035804    35%         
363         0.0001      0.035904    35%         
364         0.0001      0.036004    36%         
365         0.0001      0.036104    36%         
366         0.0001      0.036204    36%         
367         0.0001      0.036304    36%         
368         0.0001      0.036404    36%         
369         0.0001      0.036504    36%         
370         0.0001      0.036604    36%         
371         0.0001      0.036704    36%         
372         0.0001      0.036804    36%         
373         0.0001      0.036904    36%         
374         0.0001      0.037004    37%         
375         0.0001      0.037104    37%         
376         0.0001      0.037204    37%         
377         0.0001      0.037304    37%         
378         0.0001      0.037404    37%         
379         0.0001      0.037504    37%         
380         0.0001      0.037604    37%         
381         0.0001      0.037704    37%         
382         0.0001      0.037804    37%         
383         0.0001      0.037904    37%         
384         0.0001      0.038004    38%         
385         5.46651e-05 0.0380586   38%         
386         5.46651e-05 0.0381133   38%         
387         0.0001      0.0382133   38%         
388         0.0001      0.0383133   38%         
389         0.0001      0.0384133   38%         
390         0.0001      0.0385133   38%         
391         0.0001      0.0386133   38%         
392         0.0001      0.0387133   38%         
393         0.0001      0.0388133   38%         
394         0.0001      0.0389133   38%         
395         0.0001      0.0390133   39%         
396         0.0001      0.0391133   39%         
397         0.0001      0.0392133   39%         
398         0.0001      0.0393133   39%         
399         0.0001      0.0394133   39%         
400         0.0001      0.0395133   39%         
401         0.0001      0.0396133   39%         
402         0.0001      0.0397133   39%         
403         0.0001      0.0398133   39%         
404         0.0001      0.0399133   39%         
405         0.0001      0.0400133   40%         
406         0.0001      0.0401133   40%         
407         0.0001      0.0402133   40%         
408         0.0001      0.0403133   40%         
409         0.0001      0.0404133   40%         
410         0.0001      0.0405133   40%         
411         0.0001      0.0406133   40%         
412         0.0001      0.0407133   40%         
413         0.0001      0.0408133   40%         
414         0.0001      0.0409133   40%         
415         0.0001      0.0410133   41%         
416         0.0001      0.0411133   41%         
417         0.0001      0.0412133   41%         
418         0.0001      0.0413133   41%         
419         0.0001      0.0414133   41%         
420         0.0001      0.0415133   41%         
421         0.0001      0.0416133   41%         
422         0.0001      0.0417133   41%         
423         0.0001      0.0418133   41%         
424         0.0001      0.0419133   41%         
425         0.0001      0.0420133   42%         
426         0.0001      0.0421133   42%         
427         0.0001      0.0422133   42%         
428         0.0001      0.0423133   42%         
429         0.0001      0.0424133   42%         
430         0.0001      0.0425133   42%         
431         0.0001      0.0426133   42%         
432         0.0001      0.0427133   42%         
433         0.0001      0.0428133   42%         
434         0.0001      0.0429133   42%         
435         0.0001      0.0430133   43%         
436         0.0001      0.0431133   43%         
437         0.0001      0.0432133   43%         
438         0.0001      0.0433133   43%         
439         0.0001      0.0434133   43%         
440         0.0001      0.0435133   43%         
441         0.0001      0.0436133   43%         
442         0.0001      0.0437133   43%         
443         0.0001      0.0438133   43%         
444         9.62498e-05 0.0439095   43%         
445         0.0001      0.0440095   44%         
446         0.0001      0.0441095   44%         
447         0.0001      0.0442095   44%         
448         0.0001      0.0443095   44%         
449         0.0001      0.0444095   44%         
450         0.0001      0.0445095   44%         
451         0.0001      0.0446095   44%         
452         0.0001      0.0447095   44%         
453         0.0001      0.0448095   44%         
454         0.0001      0.0449095   44%         
455         0.0001      0.0450095   45%         
456         0.0001      0.0451095   45%         
457         0.0001      0.0452095   45%         
458         0.0001      0.0453095   45%         
459         0.0001      0.0454095   45%         
460         0.0001      0.0455095   45%         
461         0.0001      0.0456095   45%         
462         0.0001      0.0457095   45%         
463         0.0001      0.0458095   45%         
464         0.0001      0.0459095   45%         
465         0.0001      0.0460095   46%         
466         0.0001      0.0461095   46%         
467         0.0001      0.0462095   46%         
468         0.0001      0.0463095   46%         
469         0.0001      0.0464095   46%         
470         0.0001      0.0465095   46%         
471         0.0001      0.0466095   46%         
472         0.0001      0.0467095   46%         
473         0.0001      0.0468095   46%         
474         0.0001      0.0469095   46%         
475         0.0001      0.0470095   47%         
476         0.0001      0.0471095   47%         
477         0.0001      0.0472095   47%         
478         0.0001      0.0473095   47%         
479         0.0001      0.0474095   47%         
480         0.0001      0.0475095   47%         
481         0.0001      0.0476095   47%         
482         0.0001      0.0477095   47%         
483         0.0001      0.0478095   47%         
484         0.0001      0.0479095   47%         
485         0.0001      0.0480095   48%         
486         0.0001      0.0481095   48%         
487         0.0001      0.0482095   48%         
488         0.0001      0.0483095   48%         
489         0.0001      0.0484095   48%         
490         0.0001      0.0485095   48%         
491         0.0001      0.0486095   48%         
492         0.0001      0.0487095   48%         
493         0.0001      0.0488095   48%         
494         0.0001      0.0489095   48%         
495         0.0001      0.0490095   49%         
496         0.0001      0.0491095   49%         
497         0.0001      0.0492095   49%         
498         0.0001      0.0493095   49%         
499         0.0001      0.0494095   49%         
500         0.0001      0.0495095   49%         
501         0.0001      0.0496095   49%         
502         0.0001      0.0497095   49%         
503         0.0001      0.0498095   49%         
504         0.0001      0.0499095   49%         
505         0.0001      0.0500095   50%         
506         0.0001      0.0501095   50%         
507         0.0001      0.0502095   50%         
508         0.0001      0.0503095   50%         
509         0.0001      0.0504095   50%         
510         0.0001      0.0505095   50%         
511         0.0001      0.0506095   50%         
512         0.0001      0.0507095   50%         
513         0.0001      0.0508095   50%         
514         0.0001      0.0509095   50%         
515         0.0001      0.0510095   51%         
516         0.0001      0.0511095   51%         
517         0.0001      0.0512095   51%         
518         0.0001      0.0513095   51%         
519         0.0001      0.0514095   51%         
520         0.0001      0.0515095   51%         
521         0.0001      0.0516095   51%         
522         0.0001      0.0517095   51%         
523         0.0001      0.0518095   51%         
524         0.0001      0.0519095   51%         
525         0.0001      0.0520095   52%         
526         0.0001      0.0521095   52%         
527         0.0001      0.0522095   52%         
528         0.0001      0.0523095   52%         
529         0.0001      0.0524095   52%         
530         0.0001      0.0525095   52%         
531         0.0001      0.0526095   52%         
532         0.0001      0.0527095   52%         
533         0.0001      0.0528095   52%         
534         0.0001      0.0529095   52%         
535         0.0001      0.0530095   53%         
536         0.0001      0.0531095   53%         
537         0.0001      0.0532095   53%         
538         0.0001      0.0533095   53%         
539         0.0001      0.0534095   53%         
540         0.0001      0.0535095   53%         
541         0.0001      0.0536095   53%         
542         0.0001      0.0537095   53%         
543         0.0001      0.0538095   53%         
544         0.0001      0.0539095   53%         
545         0.0001      0.0540095   54%         
546         0.0001      0.0541095   54%         
547         0.0001      0.0542095   54%         
548         0.0001      0.0543095   54%         
549         0.0001      0.0544095   54%         
550         0.0001      0.0545095   54%         
551         0.0001      0.0546095   54%         
552         0.0001      0.0547095   54%         
553         0.0001      0.0548095   54%         
554         0.0001      0.0549095   54%         
555         0.0001      0.0550095   55%         
556         0.0001      0.0551095   55%         
557         0.0001      0.0552095   55%         
558         0.0001      0.0553095   55%         
559         0.0001      0.0554095   55%         
560         0.0001      0.0555095   55%         
561         0.0001      0.0556095   55%         
562         0.0001      0.0557095   55%         
563         0.0001      0.0558095   55%         
564         0.0001      0.0559095   55%         
565         0.0001      0.0560095   56%         
566         0.0001      0.0561095   56%         
567         0.0001      0.0562095   56%         
568         0.0001      0.0563095   56%         
569         0.0001      0.0564095   56%         
570         0.0001      0.0565095   56%         
571         0.0001      0.0566095   56%         
572         0.0001      0.0567095   56%         
573         0.0001      0.0568095   56%         
574         0.0001      0.0569095   56%         
575         0.0001      0.0570095   57%         
576         0.0001      0.0571095   57%         
577         0.0001      0.0572095   57%         
578         0.0001      0.0573095   57%         
579         0.0001      0.0574095   57%         
580         0.0001      0.0575095   57%         
581         0.0001      0.0576095   57%         
582         0.0001      0.0577095   57%         
583         0.0001      0.0578095   57%         
584         0.0001      0.0579095   57%         
585         0.0001      0.0580095   58%         
586         0.0001      0.0581095   58%         
587         0.0001      0.0582095   58%         
588         0.0001      0.0583095   58%         
589         0.0001      0.0584095   58%         
590         0.0001      0.0585095   58%         
591         0.0001      0.0586095   58%         
592         0.0001      0.0587095   58%         
593         0.0001      0.0588095   58%         
594         0.0001      0.0589095   58%         
595         0.0001      0.0590095   59%         
596         0.0001      0.0591095   59%         
597         0.0001      0.0592095   59%         
598         0.0001      0.0593095   59%         
599         0.0001      0.0594095   59%         
600         0.0001      0.0595095   59%         
601         0.0001      0.0596095   59%         
602         0.0001      0.0597095   59%         
603         0.0001      0.0598095   59%         
604         0.0001      0.0599095   59%         
605         0.0001      0.0600095   60%         
606         0.0001      0.0601095   60%         
607         0.0001      0.0602095   60%         
608         0.0001      0.0603095   60%         
609         0.0001      0.0604095   60%         
610         0.0001      0.0605095   60%         
611         0.0001      0.0606095   60%         
612         0.0001      0.0607095   60%         
613         0.0001      0.0608095   60%         
614         0.0001      0.0609095   60%         
615         0.0001      0.0610095   61%         
616         0.0001      0.0611095   61%         
617         0.0001      0.0612095   61%         
618         0.0001      0.0613095   61%         
619         0.0001      0.0614095   61%         
620         0.0001      0.0615095   61%         
621         0.0001      0.0616095   61%         
622         0.0001      0.0617095   61%         
623         0.0001      0.0618095   61%         
624         0.0001      0.0619095   61%         
625         0.0001      0.0620095   62%         
626         0.0001      0.0621095   62%         
627         0.0001      0.0622095   62%         
628         0.0001      0.0623095   62%         
629         0.0001      0.0624095   62%         
630         0.0001      0.0625095   62%         
631         9.7258e-05  0.0626068   62%         
632         0.0001      0.0627068   62%         
633         0.0001      0.0628068   62%         
634         0.0001      0.0629068   62%         
635         0.0001      0.0630068   63%         
636         0.0001      0.0631068   63%         
637         0.0001      0.0632068   63%         
638         0.0001      0.0633068   63%         
639         0.0001      0.0634068   63%         
640         0.0001      0.0635068   63%         
641         0.0001      0.0636068   63%         
642         0.0001      0.0637068   63%         
643         0.0001      0.0638068   63%         
644         0.0001      0.0639068   63%         
645         0.0001      0.0640068   64%         
646         0.0001      0.0641068   64%         
647         0.0001      0.0642068   64%         
648         0.0001      0.0643068   64%         
649         0.0001      0.0644068   64%         
650         0.0001      0.0645068   64%         
651         0.0001      0.0646068   64%         
652         0.0001      0.0647068   64%         
653         0.0001      0.0648068   64%         
654         0.0001      0.0649068   64%         
655         6.99799e-05 0.0649768   64%         
656         0.0001      0.0650768   65%         
657         0.0001      0.0651768   65%         
658         0.0001      0.0652768   65%         
659         0.0001      0.0653768   65%         
660         0.0001      0.0654768   65%         
661         0.0001      0.0655768   65%         
662         0.0001      0.0656768   65%         
663         0.0001      0.0657768   65%         
664         0.0001      0.0658768   65%         
665         0.0001      0.0659768   65%         
666         0.0001      0.0660768   66%         
667         0.0001      0.0661768   66%         
668         0.0001      0.0662768   66%         
669         0.0001      0.0663768   66%         
670         0.0001      0.0664768   66%         
671         0.0001      0.0665768   66%         
672         0.0001      0.0666768   66%         
673         0.0001      0.0667768   66%         
674         0.0001      0.0668768   66%         
675         0.0001      0.0669768   66%         
676         0.0001      0.0670768   67%         
677         0.0001      0.0671768   67%         
678         0.0001      0.0672768   67%         
679         0.0001      0.0673768   67%         
680         0.0001      0.0674768   67%         
681         0.0001      0.0675768   67%         
682         0.0001      0.0676768   67%         
683         0.0001      0.0677768   67%         
684         0.0001      0.0678768   67%         
685         0.0001      0.0679768   67%         
686         0.0001      0.0680768   68%         
687         0.0001      0.0681768   68%         
688         0.0001      0.0682768   68%         
689         0.0001      0.0683768   68%         
690         0.0001      0.0684768   68%         
691         0.0001      0.0685768   68%         
692         0.0001      0.0686768   68%         
693         0.0001      0.0687768   68%         
694         0.0001      0.0688768   68%         
695         0.0001      0.0689768   68%         
696         0.0001      0.0690768   69%         
697         0.0001      0.0691768   69%         
698         0.0001      0.0692768   69%         
699         0.0001      0.0693768   69%         
700         0.0001      0.0694768   69%         
701         0.0001      0.0695768   69%         
702         0.0001      0.0696768   69%         
703         0.0001      0.0697768   69%         
704         0.0001      0.0698768   69%         
705         0.0001      0.0699768   69%         
706         0.0001      0.0700768   70%         
707         0.0001      0.0701768   70%         
708         0.0001      0.0702768   70%         
709         0.0001      0.0703768   70%         
710         0.0001      0.0704768   70%         
711         0.0001      0.0705768   70%         
712         0.0001      0.0706768   70%         
713         0.0001      0.0707768   70%         
714         0.0001      0.0708768   70%         
715         0.0001      0.0709768   70%         
716         0.0001      0.0710768   71%         
717         0.0001      0.0711768   71%         
718         0.0001      0.0712768   71%         
719         0.0001      0.0713768   71%         
720         0.0001      0.0714768   71%         
721         0.0001      0.0715768   71%         
722         0.0001      0.0716768   71%         
723         0.0001      0.0717768   71%         
724         0.0001      0.0718768   71%         
725         0.0001      0.0719768   71%         
726         0.0001      0.0720768   72%         
727         0.0001      0.0721768   72%         
728         0.0001      0.0722768   72%         
729         0.0001      0.0723768   72%         
730         0.0001      0.0724768   72%         
731         0.0001      0.0725768   72%         
732         0.0001      0.0726768   72%         
733         0.0001      0.0727768   72%         
734         0.0001      0.0728768   72%         
735         0.0001      0.0729768   72%         
736         0.0001      0.0730768   73%         
737         0.0001      0.0731768   73%         
738         0.0001      0.0732768   73%         
739         0.0001      0.0733768   73%         
740         0.0001      0.0734768   73%         
741         0.0001      0.0735768   73%         
742         0.0001      0.0736768   73%         
743         0.0001      0.0737768   73%         
744         0.0001      0.0738768   73%         
745         0.0001      0.0739768   73%         
746         0.0001      0.0740768   74%         
747         0.0001      0.0741768   74%         
748         0.0001      0.0742768   74%         
749         0.0001      0.0743768   74%         
750         0.0001      0.0744768   74%         
751         0.0001      0.0745768   74%         
752         0.0001      0.0746768   74%         
753         0.0001      0.0747768   74%         
754         0.0001      0.0748768   74%         
755         0.0001      0.0749768   74%         
756         0.0001      0.0750768   75%         
757         0.0001      0.0751768   75%         
758         0.0001      0.0752768   75%         
759         0.0001      0.0753768   75%         
760         0.0001      0.0754768   75%         
761         0.0001      0.0755768   75%         
762         0.0001      0.0756768   75%         
763         0.0001      0.0757768   75%         
764         0.0001      0.0758768   75%         
765         0.0001      0.0759768   75%         
766         0.0001      0.0760768   76%         
767         0.0001      0.0761768   76%         
768         0.0001      0.0762768   76%         
769         0.0001      0.0763768   76%         
770         0.0001      0.0764768   76%         
771         0.0001      0.0765768   76%         
772         0.0001      0.0766768   76%         
773         0.0001      0.0767768   76%         
774         0.0001      0.0768768   76%         
775         0.0001      0.0769768   76%         
776         0.0001      0.0770768   77%         
777         0.0001      0.0771768   77%         
